0 0 0
0 0 45
0 0 89
0 0 132
0 0 173
0 0 212
0 0 250
0 0 255
0 0 255
0 45 0
0 45 32
0 32 89
0 32 132
0 32 173
0 32 212
0 32 250
0 32 255
0 32 255
0 89 0
0 89 32
0 89 64
0 64 132
0 64 173
0 64 212
0 64 250
0 64 255
0 64 255
0 132 0
0 132 32
0 132 64
0 132 96
0 96 173
0 96 212
0 96 250
0 96 255
0 96 255
0 173 0
0 173 32
0 173 64
0 173 96
0 173 128
0 128 212
0 128 250
0 128 255
0 128 255
0 212 0
0 212 32
0 212 64
0 212 96
0 212 128
0 212 160
0 160 250
0 160 255
0 160 255
0 250 0
0 250 32
0 250 64
0 250 96
0 250 128
0 250 160
0 250 192
0 192 255
0 192 255
0 255 0
0 255 32
0 255 64
0 255 96
0 255 128
0 255 160
0 255 192
0 255 224
0 224 255
0 255 0
0 255 32
0 255 64
0 255 96
0 255 128
0 255 160
0 255 192
0 255 224
0 255 255
45 0 0
45 0 32
32 0 89
32 0 132
32 0 173
32 0 212
32 0 250
32 0 255
32 0 255
45 32 0
32 32 32
18 32 77
6 32 121
0 32 164
0 32 205
0 32 244
0 32 255
0 32 255
32 89 0
18 77 32
18 77 64
6 64 121
0 64 164
0 64 205
0 64 244
0 64 255
0 64 255
32 132 0
6 121 32
6 121 64
6 121 96
0 96 164
0 96 205
0 96 244
0 96 255
0 96 255
32 173 0
0 164 32
0 164 64
0 164 96
0 164 128
0 128 205
0 128 244
0 128 255
0 128 255
32 212 0
0 205 32
0 205 64
0 205 96
0 205 128
0 205 160
0 160 244
0 160 255
0 160 255
32 250 0
0 244 32
0 244 64
0 244 96
0 244 128
0 244 160
0 244 192
0 192 255
0 192 255
32 255 0
0 255 32
0 255 64
0 255 96
0 255 128
0 255 160
0 255 192
0 255 224
0 224 255
32 255 0
0 255 32
0 255 64
0 255 96
0 255 128
0 255 160
0 255 192
0 255 224
0 255 255
89 0 0
89 0 32
89 0 64
64 0 132
64 0 173
64 0 212
64 0 250
64 0 255
64 0 255
89 32 0
77 18 32
77 18 64
64 6 121
64 0 164
64 0 205
64 0 244
64 0 255
64 0 255
89 64 0
32 26 6
26 26 26
50 64 109
0 24 217
0 4 255
0 43 255
11 64 255
5 64 255
64 132 0
64 121 6
50 109 64
50 109 96
6 96 185
0 79 255
18 96 237
11 96 255
5 96 255
64 173 0
64 164 0
0 227 17
0 193 96
38 153 128
27 128 196
0 138 255
0 121 255
5 127 255
64 212 0
64 205 0
27 196 64
0 255 75
27 196 128
27 196 160
0 191 255
11 160 255
5 160 255
64 250 0
64 244 0
18 237 64
18 237 96
18 237 128
18 237 160
18 237 192
11 192 255
5 192 255
64 255 0
64 255 0
11 255 64
11 255 96
11 255 128
11 255 160
11 255 192
11 255 224
5 224 255
64 255 0
64 255 0
5 255 64
5 255 96
5 255 128
5 255 160
5 255 192
5 255 224
5 255 255
132 0 0
132 0 32
132 0 64
132 0 96
96 0 173
96 0 212
96 0 250
96 0 255
96 0 255
132 32 0
121 6 32
121 6 64
121 6 96
96 0 164
96 0 205
96 0 244
96 0 255
96 0 255
132 64 0
121 64 6
56 17 26
109 50 96
96 38 153
79 0 255
85 0 255
80 0 255
96 5 255
132 96 0
121 96 6
56 47 17
47 47 47
82 96 141
6 56 249
59 96 228
20 75 255
43 96 255
96 173 0
96 164 0
96 153 38
41 182 72
82 141 128
38 128 217
0 121 255
6 112 255
43 128 255
96 212 0
96 205 0
96 196 27
0 255 49
31 225 128
70 185 160
0 183 255
6 167 255
43 160 255
96 250 0
96 244 0
96 237 18
59 228 96
59 228 128
59 228 160
59 228 192
50 192 255
43 192 255
96 255 0
96 255 0
96 255 11
50 255 96
50 255 128
50 255 160
50 255 192
50 255 224
43 224 255
96 255 0
96 255 0
96 255 5
43 255 96
43 255 128
43 255 160
43 255 192
43 255 224
43 255 255
173 0 0
173 0 32
173 0 64
173 0 96
173 0 128
128 0 212
128 0 250
128 0 255
128 0 255
173 32 0
164 0 32
164 0 64
164 0 96
164 0 128
128 0 205
128 0 244
128 0 255
128 0 255
173 64 0
164 64 0
153 38 64
153 38 96
153 38 128
128 27 196
128 18 237
128 11 255
128 5 255
173 96 0
164 96 0
153 96 38
141 82 96
141 82 128
128 70 185
128 59 228
128 50 255
128 43 255
173 128 0
164 128 0
153 128 38
89 77 34
77 77 77
79 108 208
6 65 255
91 128 255
82 128 255
128 212 0
128 205 0
128 196 27
128 223 32
73 214 104
61 131 115
6 167 255
44 160 255
82 160 255
128 250 0
128 244 0
128 237 18
128 228 59
28 255 81
102 217 160
102 217 192
44 204 255
82 192 255
128 255 0
128 255 0
128 255 11
128 255 50
91 255 128
91 255 160
91 255 192
91 255 224
82 224 255
128 255 0
128 255 0
128 255 5
128 255 43
82 255 128
82 255 160
82 255 192
82 255 224
82 255 255
212 0 0
212 0 32
212 0 64
212 0 96
212 0 128
212 0 160
160 0 250
160 0 255
160 0 255
212 32 0
205 0 32
205 0 64
205 0 96
205 0 128
205 0 160
160 0 244
160 0 255
160 0 255
212 64 0
250 48 0
255 0 8
196 27 96
255 0 148
196 27 160
160 18 237
160 11 255
160 5 255
212 96 0
205 96 0
255 80 0
245 11 59
255 0 127
220 35 181
160 59 228
160 50 255
160 43 255
212 128 0
205 128 0
196 128 27
216 127 39
131 61 77
191 95 170
115 45 191
160 91 255
160 82 255
212 160 0
205 160 0
196 160 27
185 160 70
131 115 61
115 115 115
111 140 240
84 139 255
124 160 255
160 250 0
160 244 0
160 237 18
160 228 59
160 217 102
105 246 136
146 205 192
84 197 255
124 198 255
160 255 0
160 255 0
160 255 11
160 255 50
160 255 91
134 249 160
134 249 192
134 249 224
124 224 255
160 255 0
160 255 0
160 255 5
160 255 43
160 255 82
124 255 160
124 255 192
124 255 224
124 255 255
250 0 0
250 0 32
250 0 64
250 0 96
250 0 128
250 0 160
250 0 192
192 0 255
192 0 255
250 32 0
244 0 32
244 0 64
244 0 96
255 0 134
244 0 160
244 0 192
192 0 255
192 0 255
250 64 0
244 64 0
237 18 64
237 18 96
255 0 128
237 18 160
237 18 192
192 11 255
192 5 255
250 96 0
244 96 0
255 64 0
255 0 40
255 0 111
255 0 180
228 59 192
192 50 255
192 43 255
250 128 0
244 128 0
237 128 18
255 112 0
255 43 91
255 5 159
217 102 192
192 91 255
192 82 255
250 160 0
244 160 0
237 160 18
228 160 59
248 159 71
237 113 141
238 113 211
191 100 255
192 124 255
250 192 0
244 192 0
237 192 18
228 192 59
217 192 102
205 192 146
159 159 159
125 169 255
166 192 255
192 255 0
192 255 0
192 255 11
192 255 50
192 255 91
192 255 120
137 255 168
127 255 253
166 226 255
192 255 0
192 255 0
192 255 5
192 255 43
192 255 82
192 255 124
166 255 192
166 255 224
166 255 255
255 0 0
255 0 32
255 0 64
255 0 96
255 0 128
255 0 160
255 0 192
255 0 224
224 0 255
255 32 0
255 0 32
255 0 64
255 0 96
255 0 128
255 0 170
255 0 192
255 0 224
224 0 255
255 64 0
255 64 0
255 11 64
255 11 96
255 0 121
255 0 166
255 11 192
255 11 224
224 5 255
255 96 0
255 96 0
255 96 11
255 50 96
255 47 127
255 6 160
255 6 207
255 50 224
224 43 255
255 128 0
255 128 0
255 128 11
255 128 50
255 91 128
255 74 156
255 44 202
255 44 254
224 82 255
255 160 0
255 160 0
255 160 11
255 160 50
255 149 44
255 84 129
255 82 191
255 84 255
224 124 255
255 192 0
255 192 0
255 210 0
255 207 6
255 200 51
255 191 103
255 145 173
255 125 255
224 166 255
255 224 0
255 224 0
254 255 0
254 255 6
254 255 44
255 245 99
255 234 159
207 207 207
210 227 255
224 255 0
224 255 0
224 255 5
224 255 43
224 255 82
224 255 124
224 255 166
210 255 224
210 255 255
255 0 0
255 0 32
255 0 64
255 0 96
255 0 128
255 0 160
255 0 192
255 0 224
255 0 255
255 32 0
255 0 32
255 0 64
255 0 96
255 0 128
255 0 160
255 0 192
255 0 224
255 0 255
255 64 0
255 64 0
255 5 64
255 5 96
255 5 128
255 5 159
255 5 192
255 5 224
255 5 255
255 96 0
255 96 0
255 96 5
255 43 96
255 43 128
255 43 160
255 43 192
255 43 224
255 43 255
255 128 0
255 128 0
255 128 5
255 128 43
255 82 128
255 82 160
255 82 192
255 82 224
255 82 255
255 160 0
255 160 0
255 160 5
255 160 43
255 160 82
255 124 160
255 124 192
255 124 224
255 124 255
255 192 0
255 192 0
255 192 5
255 192 43
255 192 82
255 192 124
255 166 192
255 166 224
255 166 255
255 224 0
255 224 0
255 224 5
255 223 43
255 224 82
255 224 124
255 224 166
255 210 224
255 210 255
255 255 0
255 255 0
255 255 5
255 255 43
255 255 82
255 255 124
255 255 166
255 255 210
255 255 255
