0 0 0
0 0 36
0 0 74
0 0 111
0 0 149
0 0 188
0 0 228
0 0 255
0 0 255
0 36 0
0 36 32
0 32 74
0 32 111
0 32 149
0 32 188
0 32 228
0 32 255
0 32 255
0 74 0
0 74 32
0 74 64
0 64 111
0 64 149
0 64 188
0 64 228
0 64 255
0 64 255
0 111 0
0 111 32
0 111 64
0 111 96
0 96 149
0 96 188
0 96 228
0 96 255
0 96 255
0 149 0
0 149 32
0 149 64
0 149 96
0 149 128
0 128 188
0 128 228
0 128 255
0 128 255
0 188 0
0 188 32
0 188 64
0 188 96
0 188 128
0 188 160
0 160 228
0 160 255
0 160 255
0 228 0
0 228 32
0 228 64
0 228 96
0 228 128
0 228 160
0 228 192
0 192 255
0 192 255
0 255 0
0 255 32
0 255 64
0 255 96
0 255 128
0 255 160
0 255 192
0 255 224
0 224 255
0 255 0
0 255 32
0 255 64
0 255 96
0 255 128
0 255 160
0 255 192
0 255 224
0 255 255
36 0 0
36 0 32
32 0 74
32 0 111
32 0 149
32 0 188
32 0 228
32 0 255
32 0 255
36 32 0
32 32 32
27 32 68
22 32 106
16 32 143
10 32 181
3 32 220
0 32 255
0 32 255
32 74 0
27 68 32
27 68 64
22 64 106
16 64 143
10 64 181
3 64 220
0 64 255
0 64 255
32 111 0
22 106 32
22 106 64
22 106 96
16 96 143
10 96 181
3 96 220
0 96 255
0 96 255
32 149 0
16 143 32
16 143 64
16 143 96
16 143 128
10 128 181
3 128 220
0 128 255
0 128 255
32 188 0
10 181 32
10 181 64
10 181 96
10 181 128
10 181 160
3 160 220
0 160 255
0 160 255
32 228 0
3 220 32
3 220 64
3 220 96
3 220 128
3 220 160
3 220 192
0 192 255
0 192 255
32 255 0
0 255 32
0 255 64
0 255 96
0 255 128
0 255 160
0 255 192
0 255 224
0 224 255
32 255 0
0 255 32
0 255 64
0 255 96
0 255 128
0 255 160
0 255 192
0 255 224
0 255 255
74 0 0
74 0 32
74 0 64
64 0 111
64 0 149
64 0 188
64 0 228
64 0 255
64 0 255
74 32 0
68 27 32
68 27 64
64 22 106
64 16 143
64 10 181
64 3 220
64 0 255
64 0 255
74 64 0
28 26 10
26 26 26
59 64 100
0 24 193
0 4 255
12 43 243
35 64 252
28 64 255
64 111 0
64 106 22
59 100 64
59 100 96
28 96 163
0 79 245
42 96 213
35 96 252
28 96 255
64 149 0
64 143 16
0 203 17
21 170 96
54 138 128
48 128 175
0 138 255
0 121 255
28 127 255
64 188 0
64 181 10
48 175 64
0 255 75
48 175 128
48 175 160
0 191 255
35 160 252
28 160 255
64 228 0
64 220 3
42 213 64
42 213 96
42 213 128
42 213 160
42 213 192
35 192 252
28 192 255
64 255 0
64 255 0
35 252 64
35 252 96
35 252 128
35 252 160
35 252 192
35 252 224
28 224 255
64 255 0
64 255 0
28 255 64
28 255 96
28 255 128
28 255 160
28 255 192
28 255 224
28 255 255
111 0 0
111 0 32
111 0 64
111 0 96
96 0 149
96 0 188
96 0 228
96 0 255
96 0 255
111 32 0
106 22 32
106 22 64
106 22 96
96 16 143
96 10 181
96 3 220
96 0 255
96 0 255
111 64 0
106 64 22
50 23 26
100 59 96
96 54 138
79 0 248
85 12 243
80 0 255
96 28 255
111 96 0
106 96 22
50 47 23
47 47 47
91 96 132
31 56 225
80 96 207
44 75 255
67 96 255
96 149 0
96 143 16
96 138 54
59 163 72
91 132 128
60 128 195
0 121 255
29 112 255
67 128 255
96 188 0
96 181 10
96 175 48
21 235 49
53 202 128
86 170 160
0 183 255
29 167 255
67 160 255
96 228 0
96 220 3
96 213 42
80 207 96
80 207 128
80 207 160
80 207 192
74 192 245
67 192 255
96 255 0
96 255 0
96 252 35
74 245 96
74 245 128
74 245 160
74 245 192
74 245 224
67 224 255
96 255 0
96 255 0
96 255 28
67 255 96
67 255 128
67 255 160
67 255 192
67 255 224
67 255 255
149 0 0
149 0 32
149 0 64
149 0 96
149 0 128
128 0 188
128 0 228
128 0 255
128 0 255
149 32 0
143 16 32
143 16 64
143 16 96
143 16 128
128 10 181
128 3 220
128 0 255
128 0 255
149 64 0
143 64 16
138 54 64
138 54 96
138 54 128
128 48 175
128 42 213
128 35 252
128 28 255
149 96 0
143 96 16
138 96 54
132 91 96
132 91 128
128 86 170
128 80 207
128 74 245
128 67 255
149 128 0
143 128 16
138 128 54
81 77 42
77 77 77
96 108 191
29 65 255
112 128 239
106 128 255
128 188 0
128 181 10
128 175 48
128 201 54
91 195 104
71 120 115
29 167 255
69 160 255
106 160 255
128 228 0
128 220 3
128 213 42
128 207 80
53 255 81
118 202 160
118 202 192
69 204 255
106 192 255
128 255 0
128 255 0
128 252 35
128 245 74
112 239 128
112 239 160
112 239 192
112 239 224
106 224 255
128 255 0
128 255 0
128 255 28
128 255 67
106 255 128
106 255 160
106 255 192
106 255 224
106 255 255
188 0 0
188 0 32
188 0 64
188 0 96
188 0 128
188 0 160
160 0 228
160 0 255
160 0 255
188 32 0
181 10 32
181 10 64
181 10 96
181 10 128
181 10 160
160 3 220
160 0 255
160 0 255
188 64 0
228 48 0
255 0 8
175 48 96
255 0 148
175 48 160
160 42 213
160 35 252
160 28 255
188 96 0
181 96 10
241 80 0
220 35 59
245 9 127
198 57 181
160 80 207
160 74 245
160 67 255
188 128 0
181 128 10
175 128 48
194 127 60
120 71 77
178 108 170
115 64 172
160 112 239
160 106 255
188 160 0
181 160 10
175 160 48
170 160 86
120 115 71
115 115 115
128 140 223
107 139 255
144 160 255
160 228 0
160 220 3
160 213 42
160 207 80
160 202 118
123 227 136
155 196 192
107 197 255
144 198 255
160 255 0
160 255 0
160 252 35
160 245 74
160 239 112
150 234 160
150 234 192
150 234 224
144 224 255
160 255 0
160 255 0
160 255 28
160 255 67
160 255 106
144 255 160
144 255 192
144 255 224
144 255 255
228 0 0
228 0 32
228 0 64
228 0 96
228 0 128
228 0 160
228 0 192
192 0 255
192 0 255
228 32 0
220 3 32
220 3 64
220 3 96
255 0 134
220 3 160
220 3 192
192 0 255
192 0 255
228 64 0
220 64 3
213 42 64
213 42 96
255 0 128
213 42 160
213 42 192
192 35 252
192 28 255
228 96 0
220 96 3
255 64 0
255 0 40
255 9 111
255 0 180
207 80 192
192 74 245
192 67 255
228 128 0
220 128 3
213 128 42
255 112 13
252 67 91
255 28 159
202 118 192
192 112 239
192 106 255
228 160 0
220 160 3
213 160 42
207 160 80
226 159 92
220 130 141
222 130 211
191 121 255
192 144 255
228 192 0
220 192 3
213 192 42
207 192 80
202 192 118
196 192 155
159 159 159
145 169 255
182 192 255
192 255 0
192 255 0
192 252 35
192 245 74
192 239 112
192 244 139
155 255 168
147 255 253
182 226 255
192 255 0
192 255 0
192 255 28
192 255 67
192 255 106
192 255 144
182 255 192
182 255 224
182 255 255
255 0 0
255 0 32
255 0 64
255 0 96
255 0 128
255 0 160
255 0 192
255 0 224
224 0 255
255 32 0
255 0 32
255 0 64
255 0 96
255 0 128
255 0 170
255 0 192
255 0 224
224 0 255
255 64 0
255 64 0
252 35 64
252 35 96
255 0 121
255 0 166
252 35 192
252 35 224
224 28 255
255 96 0
255 96 0
252 96 35
245 74 96
247 71 127
255 29 160
255 29 207
245 74 224
224 67 255
255 128 0
255 128 0
252 128 35
245 128 74
239 112 128
254 97 156
255 69 202
255 69 254
224 106 255
255 160 0
255 160 0
252 160 35
245 160 74
255 149 69
255 107 129
255 106 191
255 107 255
224 144 255
255 192 0
255 192 0
255 210 0
255 207 29
255 200 76
255 191 124
252 162 173
255 145 255
224 182 255
255 224 0
255 224 0
254 255 0
254 255 29
254 255 69
255 245 121
242 234 172
207 207 207
219 227 255
224 255 0
224 255 0
224 255 28
224 255 67
224 255 106
224 255 144
224 255 182
219 255 224
219 255 255
255 0 0
255 0 32
255 0 64
255 0 96
255 0 128
255 0 160
255 0 192
255 0 224
255 0 255
255 32 0
255 0 32
255 0 64
255 0 96
255 0 128
255 0 160
255 0 192
255 0 224
255 0 255
255 64 0
255 64 0
255 28 64
255 28 96
255 28 128
255 28 159
255 28 192
255 28 224
255 28 255
255 96 0
255 96 0
255 96 28
255 67 96
255 67 128
255 67 160
255 67 192
255 67 224
255 67 255
255 128 0
255 128 0
255 128 28
255 128 67
255 106 128
255 106 160
255 106 192
255 106 224
255 106 255
255 160 0
255 160 0
255 160 28
255 160 67
255 160 106
255 144 160
255 144 192
255 144 224
255 144 255
255 192 0
255 192 0
255 192 28
255 192 67
255 192 106
255 192 144
255 182 192
255 182 224
255 182 255
255 224 0
255 224 0
255 224 28
255 223 67
255 224 106
255 224 144
255 224 182
255 219 224
255 219 255
255 255 0
255 255 0
255 255 28
255 255 67
255 255 106
255 255 144
255 255 182
255 255 219
255 255 255
