0 0 0
0 0 12
0 0 40
0 0 80
0 0 126
0 0 173
0 0 214
0 0 244
0 0 255
0 12 0
0 12 12
0 12 40
0 12 80
0 12 126
0 12 173
0 12 214
0 12 244
0 12 255
0 40 0
0 40 12
0 40 40
0 40 80
0 40 126
0 40 173
0 40 214
0 40 244
0 40 255
0 80 0
0 80 12
0 80 40
0 80 80
0 80 126
0 80 173
0 80 214
0 80 244
0 80 255
0 126 0
0 126 12
0 126 40
0 126 80
0 126 126
0 126 173
0 126 214
0 126 244
0 126 255
0 173 0
0 173 12
0 173 40
0 173 80
0 173 126
0 173 173
0 173 214
0 173 244
0 173 255
0 214 0
0 214 12
0 214 40
0 214 80
0 214 126
0 214 173
0 214 214
0 214 244
0 214 255
0 244 0
0 244 12
0 244 40
0 244 80
0 244 126
0 244 173
0 244 214
0 244 244
0 244 255
0 255 0
0 255 12
0 255 40
0 255 80
0 255 126
0 255 173
0 255 214
0 255 244
0 255 255
12 0 0
12 0 12
12 0 40
12 0 80
12 0 126
12 0 173
12 0 214
12 0 244
12 0 255
12 12 0
12 12 12
12 12 40
12 12 80
12 12 126
12 12 173
12 12 214
12 12 244
12 12 255
12 40 0
12 40 12
12 40 40
12 40 80
12 40 126
12 40 173
12 40 214
12 40 244
12 40 255
12 80 0
12 80 12
12 80 40
12 80 80
12 80 126
12 80 173
12 80 214
12 80 244
12 80 255
12 126 0
12 126 12
12 126 40
12 126 80
12 126 126
12 126 173
12 126 214
12 126 244
12 126 255
12 173 0
12 173 12
12 173 40
12 173 80
12 173 126
12 173 173
12 173 214
12 173 244
12 173 255
12 214 0
12 214 12
12 214 40
12 214 80
12 214 126
12 214 173
12 214 214
12 214 244
12 214 255
12 244 0
12 244 12
12 244 40
12 244 80
12 244 126
12 244 173
12 244 214
12 244 244
12 244 255
12 255 0
12 255 12
12 255 40
12 255 80
12 255 126
12 255 173
12 255 214
12 255 244
12 255 255
40 0 0
40 0 12
40 0 40
40 0 80
40 0 126
40 0 173
40 0 214
40 0 244
40 0 255
40 12 0
40 12 12
40 12 40
40 12 80
40 12 126
40 12 173
40 12 214
40 12 244
40 12 255
40 40 0
8 8 2
8 8 8
40 40 80
7 7 184
0 0 241
20 20 235
40 40 244
40 40 255
40 80 0
40 80 12
40 80 40
40 80 80
22 80 154
2 58 232
40 80 214
40 80 244
40 80 255
40 126 0
40 126 12
3 193 3
17 162 80
40 126 126
40 126 173
0 141 255
12 116 255
40 125 255
40 173 0
40 173 12
40 173 40
0 240 53
40 173 126
40 173 173
0 213 255
40 173 244
40 173 255
40 214 0
40 214 12
40 214 40
40 214 80
40 214 126
40 214 173
40 214 214
40 214 244
40 214 255
40 244 0
40 244 12
40 244 40
40 244 80
40 244 126
40 244 173
40 244 214
40 244 244
40 244 255
40 255 0
40 255 12
40 255 40
40 255 80
40 255 126
40 255 173
40 255 214
40 255 244
40 255 255
80 0 0
80 0 12
80 0 40
80 0 80
80 0 126
80 0 173
80 0 214
80 0 244
80 0 255
80 12 0
80 12 12
80 12 40
80 12 80
80 12 126
80 12 173
80 12 214
80 12 244
80 12 255
80 40 0
80 40 12
23 8 8
80 40 80
80 40 126
58 2 234
66 20 235
59 16 254
80 40 255
80 80 0
80 80 12
23 23 8
23 23 23
80 80 126
32 32 223
80 80 214
53 53 253
80 80 255
80 126 0
80 126 12
80 126 40
50 160 50
80 126 126
56 126 199
12 116 255
41 103 255
80 126 255
80 173 0
80 173 12
80 173 40
25 230 25
50 205 126
80 173 173
12 204 255
41 183 255
80 173 255
80 214 0
80 214 12
80 214 40
80 214 80
80 214 126
80 214 173
80 214 214
80 214 244
80 214 255
80 244 0
80 244 12
80 244 40
80 244 80
80 244 126
80 244 173
80 244 214
80 244 244
80 244 255
80 255 0
80 255 12
80 255 40
80 255 80
80 255 126
80 255 173
80 255 214
80 255 244
80 255 255
126 0 0
126 0 12
126 0 40
126 0 80
126 0 126
126 0 173
126 0 214
126 0 244
126 0 255
126 12 0
126 12 12
126 12 40
126 12 80
126 12 126
126 12 173
126 12 214
126 12 244
126 12 255
126 40 0
126 40 12
126 40 40
126 40 80
126 40 126
126 40 173
126 40 214
126 40 244
126 40 255
126 80 0
126 80 12
126 80 40
126 80 80
126 80 126
126 80 173
126 80 214
126 80 244
126 80 255
126 126 0
126 126 12
126 126 40
56 56 23
56 56 56
97 97 200
41 41 255
126 126 244
126 126 255
126 173 0
126 173 12
126 173 40
126 204 51
91 204 91
56 107 107
41 183 255
82 173 255
126 173 255
126 214 0
126 214 12
126 214 40
126 214 80
61 252 61
126 214 173
126 214 214
82 227 255
126 214 255
126 244 0
126 244 12
126 244 40
126 244 80
126 244 126
126 244 173
126 244 214
126 244 244
126 244 255
126 255 0
126 255 12
126 255 40
126 255 80
126 255 126
126 255 173
126 255 214
126 255 244
126 255 255
173 0 0
173 0 12
173 0 40
173 0 80
173 0 126
173 0 173
173 0 214
173 0 244
173 0 255
173 12 0
173 12 12
173 12 40
173 12 80
173 12 126
173 12 173
173 12 214
173 12 244
173 12 255
173 40 0
214 24 0
237 1 1
173 40 80
243 0 156
173 40 173
173 40 214
173 40 244
173 40 255
173 80 0
173 80 12
229 59 3
220 35 35
236 18 125
201 53 201
173 80 214
173 80 244
173 80 255
173 126 0
173 126 12
173 126 40
197 125 56
107 56 56
187 110 187
107 56 172
173 126 244
173 126 255
173 173 0
173 173 12
173 173 40
173 173 80
107 107 56
107 107 107
144 144 235
128 143 255
173 173 255
173 214 0
173 214 12
173 214 40
173 214 80
173 214 126
138 237 138
173 214 214
128 220 255
173 221 255
173 244 0
173 244 12
173 244 40
173 244 80
173 244 126
173 244 173
173 244 214
173 244 244
173 244 255
173 255 0
173 255 12
173 255 40
173 255 80
173 255 126
173 255 173
173 255 214
173 255 244
173 255 255
214 0 0
214 0 12
214 0 40
214 0 80
214 0 126
214 0 173
214 0 214
214 0 244
214 0 255
214 12 0
214 12 12
214 12 40
214 12 80
244 0 135
214 12 173
214 12 214
214 12 244
214 12 255
214 40 0
214 40 12
214 40 40
214 40 80
248 7 126
214 40 173
214 40 214
214 40 244
214 40 255
214 80 0
214 80 12
255 40 0
254 17 17
252 23 101
255 12 200
214 80 214
214 80 244
214 80 255
214 126 0
214 126 12
214 126 40
251 103 25
247 74 74
255 40 172
214 126 214
214 126 244
214 126 255
214 173 0
214 173 12
214 173 40
214 173 80
233 172 99
233 146 146
234 146 234
213 143 253
214 173 255
214 214 0
214 214 12
214 214 40
214 214 80
214 214 126
214 214 173
172 172 172
174 185 255
214 214 255
214 244 0
214 244 12
214 244 40
214 244 80
214 244 126
214 248 162
184 254 184
176 254 254
214 245 255
214 255 0
214 255 12
214 255 40
214 255 80
214 255 126
214 255 173
214 255 214
214 255 244
214 255 255
244 0 0
244 0 12
244 0 40
244 0 80
244 0 126
244 0 173
244 0 214
244 0 244
244 0 255
244 12 0
244 12 12
244 12 40
244 12 80
255 0 126
255 0 187
244 12 214
244 12 244
244 12 255
244 40 0
244 40 12
244 40 40
244 40 80
255 12 116
255 12 181
244 40 214
244 40 244
244 40 255
244 80 0
244 80 12
244 80 40
244 80 80
244 78 125
255 41 173
255 41 230
244 80 244
244 80 255
244 126 0
244 126 12
244 126 40
244 126 80
244 126 126
250 110 167
255 82 225
255 82 254
244 126 255
244 173 0
244 173 12
244 173 40
244 173 80
255 157 82
255 128 128
255 126 213
255 128 255
244 173 255
244 214 0
244 214 12
255 233 12
255 230 41
254 223 89
253 213 146
253 191 191
255 174 255
244 214 255
244 244 0
244 244 12
254 255 12
254 255 41
254 255 82
253 253 143
249 249 201
230 230 230
244 246 255
244 255 0
244 255 12
244 255 40
244 255 80
244 255 126
244 255 173
244 255 214
244 255 244
244 255 255
255 0 0
255 0 12
255 0 40
255 0 80
255 0 126
255 0 173
255 0 214
255 0 244
255 0 255
255 12 0
255 12 12
255 12 40
255 12 80
255 12 126
255 12 173
255 12 214
255 12 244
255 12 255
255 40 0
255 40 12
255 40 40
255 40 80
255 40 126
255 40 172
255 40 214
255 40 244
255 40 255
255 80 0
255 80 12
255 80 40
255 80 80
255 80 126
255 80 173
255 80 214
255 80 244
255 80 255
255 126 0
255 126 12
255 126 40
255 126 80
255 126 126
255 126 173
255 126 214
255 126 244
255 126 255
255 173 0
255 173 12
255 173 40
255 173 80
255 173 126
255 173 173
255 173 214
255 173 244
255 173 255
255 214 0
255 214 12
255 214 40
255 214 80
255 214 126
255 214 173
255 214 214
255 214 244
255 214 255
255 244 0
255 244 12
255 244 40
255 243 80
255 244 126
255 244 173
255 244 214
255 244 244
255 244 255
255 255 0
255 255 12
255 255 40
255 255 80
255 255 126
255 255 173
255 255 214
255 255 244
255 255 255
