0 0 0
0 0 33
0 0 67
0 0 101
0 0 136
0 0 171
0 0 207
0 0 245
0 0 255
0 33 0
0 33 32
0 32 67
0 32 101
0 32 136
0 32 171
0 32 207
0 32 245
0 32 255
0 67 0
0 67 32
0 67 64
0 64 101
0 64 136
0 64 171
0 64 207
0 64 245
0 64 255
0 101 0
0 101 32
0 101 64
0 101 96
0 96 136
0 96 171
0 96 207
0 96 245
0 96 255
0 136 0
0 136 32
0 136 64
0 136 96
0 136 128
0 128 171
0 128 207
0 128 245
0 128 255
0 171 0
0 171 32
0 171 64
0 171 96
0 171 128
0 171 160
0 160 207
0 160 245
0 160 255
0 207 0
0 207 32
0 207 64
0 207 96
0 207 128
0 207 160
0 207 192
0 192 245
0 192 255
0 245 0
0 245 32
0 245 64
0 245 96
0 245 128
0 245 160
0 245 192
0 245 224
0 224 255
0 255 0
0 255 32
0 255 64
0 255 96
0 255 128
0 255 160
0 255 192
0 255 224
0 255 255
33 0 0
33 0 32
32 0 67
32 0 101
32 0 136
32 0 171
32 0 207
32 0 245
32 0 255
33 32 0
32 32 32
30 32 65
28 32 99
26 32 133
23 32 168
20 32 203
16 32 239
10 32 255
32 67 0
30 65 32
30 65 64
28 64 99
26 64 133
23 64 168
20 64 203
16 64 239
10 64 255
32 101 0
28 99 32
28 99 64
28 99 96
26 96 133
23 96 168
20 96 203
16 96 239
10 96 255
32 136 0
26 133 32
26 133 64
26 133 96
26 133 128
23 128 168
20 128 203
16 128 239
10 128 255
32 171 0
23 168 32
23 168 64
23 168 96
23 168 128
23 168 160
20 160 203
16 160 239
10 160 255
32 207 0
20 203 32
20 203 64
20 203 96
20 203 128
20 203 160
20 203 192
16 192 239
10 192 255
32 245 0
16 239 32
16 239 64
16 239 96
16 239 128
16 239 160
16 239 192
16 239 224
10 224 255
32 255 0
10 255 32
10 255 64
10 255 96
10 255 128
10 255 160
10 255 192
10 255 224
10 255 255
67 0 0
67 0 32
67 0 64
64 0 101
64 0 136
64 0 171
64 0 207
64 0 245
64 0 255
67 32 0
65 30 32
65 30 64
64 28 99
64 26 133
64 23 168
64 20 203
64 16 239
64 10 255
67 64 0
26 26 11
26 26 26
62 64 97
14 24 177
0 4 239
30 43 225
52 64 235
48 64 255
64 101 0
64 99 28
62 97 64
62 97 96
39 96 153
0 79 225
55 96 200
52 96 235
48 96 255
64 136 0
64 133 26
6 186 17
33 158 96
60 131 128
58 128 165
0 138 255
11 121 255
48 127 255
64 171 0
64 168 23
58 165 64
0 238 75
58 165 128
58 165 160
0 191 255
52 160 235
48 160 255
64 207 0
64 203 20
55 200 64
55 200 96
55 200 128
55 200 160
55 200 192
52 192 235
48 192 255
64 245 0
64 239 16
52 235 64
52 235 96
52 235 128
52 235 160
52 235 192
52 235 224
48 224 255
64 255 0
64 255 10
48 255 64
48 255 96
48 255 128
48 255 160
48 255 192
48 255 224
48 255 255
101 0 0
101 0 32
101 0 64
101 0 96
96 0 136
96 0 171
96 0 207
96 0 245
96 0 255
101 32 0
99 28 32
99 28 64
99 28 96
96 26 133
96 23 168
96 20 203
96 16 239
96 10 255
101 64 0
99 64 28
48 25 26
97 62 96
96 60 131
79 0 227
85 30 225
80 19 255
96 48 255
101 96 0
99 96 28
48 47 25
47 47 47
94 96 129
46 56 209
90 96 197
62 75 255
84 96 255
96 136 0
96 133 26
96 131 60
67 155 72
94 129 128
71 128 185
11 121 255
50 112 255
84 128 255
96 171 0
96 168 23
96 165 58
38 218 49
65 190 128
92 163 160
11 183 255
50 167 255
84 160 255
96 207 0
96 203 20
96 200 55
90 197 96
90 197 128
90 197 160
90 197 192
87 192 232
84 192 255
96 245 0
96 239 16
96 235 52
87 232 96
87 232 128
87 232 160
87 232 192
87 232 224
84 224 255
96 255 0
96 255 10
96 255 48
84 255 96
84 255 128
84 255 160
84 255 192
84 255 224
84 255 255
136 0 0
136 0 32
136 0 64
136 0 96
136 0 128
128 0 171
128 0 207
128 0 245
128 0 255
136 32 0
133 26 32
133 26 64
133 26 96
133 26 128
128 23 168
128 20 203
128 16 239
128 10 255
136 64 0
133 64 26
131 60 64
131 60 96
131 60 128
128 58 165
128 55 200
128 52 235
128 48 255
136 96 0
133 96 26
131 96 60
129 94 96
129 94 128
128 92 163
128 90 197
128 87 232
128 84 255
136 128 0
133 128 26
131 128 60
78 77 45
77 77 77
104 108 184
50 65 255
122 128 229
120 128 255
128 171 0
128 168 23
128 165 58
128 189 66
99 187 104
75 117 115
50 167 255
86 160 255
120 160 255
128 207 0
128 203 20
128 200 55
128 197 90
70 250 81
124 195 160
124 195 192
86 204 255
120 192 255
128 245 0
128 239 16
128 235 52
128 232 87
122 229 128
122 229 160
122 229 192
122 229 224
120 224 255
128 255 0
128 255 10
128 255 48
128 255 84
120 255 128
120 255 160
120 255 192
120 255 224
120 255 255
171 0 0
171 0 32
171 0 64
171 0 96
171 0 128
171 0 160
160 0 207
160 0 245
160 0 255
171 32 0
168 23 32
168 23 64
168 23 96
168 23 128
168 23 160
160 20 203
160 16 239
160 10 255
171 64 0
207 48 0
233 0 8
165 58 96
244 0 148
165 58 160
160 55 200
160 52 235
160 48 255
171 96 0
168 96 23
221 80 2
206 50 59
226 28 127
187 68 181
160 90 197
160 87 232
160 84 255
171 128 0
168 128 23
165 128 58
184 127 71
117 75 77
172 114 170
115 72 163
160 122 229
160 120 255
171 160 0
168 160 23
165 160 58
163 160 92
117 115 75
115 115 115
136 140 216
121 139 255
154 160 255
160 207 0
160 203 20
160 200 55
160 197 90
160 195 124
131 219 136
158 193 192
121 197 255
154 198 255
160 245 0
160 239 16
160 235 52
160 232 87
160 229 122
156 227 160
156 227 192
156 227 224
154 224 255
160 255 0
160 255 10
160 255 48
160 255 84
160 255 120
154 255 160
154 255 192
154 255 224
154 255 255
207 0 0
207 0 32
207 0 64
207 0 96
207 0 128
207 0 160
207 0 192
192 0 245
192 0 255
207 32 0
203 20 32
203 20 64
203 20 96
245 0 134
203 20 160
203 20 192
192 16 239
192 10 255
207 64 0
203 64 20
200 55 64
200 55 96
250 5 128
200 55 160
200 55 192
192 52 235
192 48 255
207 96 0
203 96 20
255 64 0
255 22 40
255 30 111
255 10 180
197 90 192
192 87 232
192 84 255
207 128 0
203 128 20
200 128 55
253 112 34
238 82 91
255 48 159
195 124 192
192 122 229
192 120 255
207 160 0
203 160 20
200 160 55
197 160 90
216 159 103
213 137 141
214 137 211
191 132 250
192 154 255
207 192 0
203 192 20
200 192 55
197 192 90
195 192 124
193 192 158
159 159 159
155 169 255
188 192 255
192 245 0
192 239 16
192 235 52
192 232 87
192 229 122
192 236 147
163 251 168
156 255 253
188 226 255
192 255 0
192 255 10
192 255 48
192 255 84
192 255 120
192 255 154
188 255 192
188 255 224
188 255 255
245 0 0
245 0 32
245 0 64
245 0 96
245 0 128
245 0 160
245 0 192
245 0 224
224 0 255
245 32 0
239 16 32
239 16 64
239 16 96
255 0 128
255 0 170
239 16 192
239 16 224
224 10 255
245 64 0
239 64 16
235 52 64
235 52 96
255 11 121
255 11 166
235 52 192
235 52 224
224 48 255
245 96 0
239 96 16
235 96 52
232 87 96
233 85 127
255 50 160
255 50 207
232 87 224
224 84 255
245 128 0
239 128 16
235 128 52
232 128 87
229 122 128
242 109 156
255 86 202
255 86 254
224 120 255
245 160 0
239 160 16
235 160 52
232 160 87
255 149 86
255 121 129
255 120 191
255 121 255
224 154 255
245 192 0
239 192 16
255 210 11
255 207 50
255 200 92
248 191 135
245 169 173
255 155 255
224 188 255
245 224 0
239 224 16
254 255 11
254 255 50
254 255 86
251 245 132
236 234 178
207 207 207
222 227 255
224 255 0
224 255 10
224 255 48
224 255 84
224 255 120
224 255 154
224 255 188
222 255 224
222 255 255
255 0 0
255 0 32
255 0 64
255 0 96
255 0 128
255 0 160
255 0 192
255 0 224
255 0 255
255 32 0
255 10 32
255 10 64
255 10 96
255 10 128
255 10 160
255 10 192
255 10 224
255 10 255
255 64 0
255 64 10
255 48 64
255 48 96
255 48 128
255 48 159
255 48 192
255 48 224
255 48 255
255 96 0
255 96 10
255 96 48
255 84 96
255 84 128
255 84 160
255 84 192
255 84 224
255 84 255
255 128 0
255 128 10
255 128 48
255 128 84
255 120 128
255 120 160
255 120 192
255 120 224
255 120 255
255 160 0
255 160 10
255 160 48
255 160 84
255 160 120
255 154 160
255 154 192
255 154 224
255 154 255
255 192 0
255 192 10
255 192 48
255 192 84
255 192 120
255 192 154
255 188 192
255 188 224
255 188 255
255 224 0
255 224 10
255 224 48
255 223 84
255 224 120
255 224 154
255 224 188
255 222 224
255 222 255
255 255 0
255 255 10
255 255 48
255 255 84
255 255 120
255 255 154
255 255 188
255 255 222
255 255 255
