0 0 0
0 0 44
0 0 87
0 0 129
0 0 170
0 0 210
0 0 248
0 0 255
0 0 255
0 44 0
0 44 32
0 32 87
0 32 129
0 32 170
0 32 210
0 32 248
0 32 255
0 32 255
0 87 0
0 87 32
0 87 64
0 64 129
0 64 170
0 64 210
0 64 248
0 64 255
0 64 255
0 129 0
0 129 32
0 129 64
0 129 96
0 96 170
0 96 210
0 96 248
0 96 255
0 96 255
0 170 0
0 170 32
0 170 64
0 170 96
0 170 128
0 128 210
0 128 248
0 128 255
0 128 255
0 210 0
0 210 32
0 210 64
0 210 96
0 210 128
0 210 160
0 160 248
0 160 255
0 160 255
0 248 0
0 248 32
0 248 64
0 248 96
0 248 128
0 248 160
0 248 192
0 192 255
0 192 255
0 255 0
0 255 32
0 255 64
0 255 96
0 255 128
0 255 160
0 255 192
0 255 224
0 224 255
0 255 0
0 255 32
0 255 64
0 255 96
0 255 128
0 255 160
0 255 192
0 255 224
0 255 255
44 0 0
44 0 32
32 0 87
32 0 129
32 0 170
32 0 210
32 0 248
32 0 255
32 0 255
44 32 0
32 32 32
19 32 76
8 32 119
0 32 161
0 32 202
0 32 242
0 32 255
0 32 255
32 87 0
19 76 32
19 76 64
8 64 119
0 64 161
0 64 202
0 64 242
0 64 255
0 64 255
32 129 0
8 119 32
8 119 64
8 119 96
0 96 161
0 96 202
0 96 242
0 96 255
0 96 255
32 170 0
0 161 32
0 161 64
0 161 96
0 161 128
0 128 202
0 128 242
0 128 255
0 128 255
32 210 0
0 202 32
0 202 64
0 202 96
0 202 128
0 202 160
0 160 242
0 160 255
0 160 255
32 248 0
0 242 32
0 242 64
0 242 96
0 242 128
0 242 160
0 242 192
0 192 255
0 192 255
32 255 0
0 255 32
0 255 64
0 255 96
0 255 128
0 255 160
0 255 192
0 255 224
0 224 255
32 255 0
0 255 32
0 255 64
0 255 96
0 255 128
0 255 160
0 255 192
0 255 224
0 255 255
87 0 0
87 0 32
87 0 64
64 0 129
64 0 170
64 0 210
64 0 248
64 0 255
64 0 255
87 32 0
76 19 32
76 19 64
64 8 119
64 0 161
64 0 202
64 0 242
64 0 255
64 0 255
87 64 0
31 26 6
26 26 26
51 64 108
0 24 214
0 4 255
0 43 255
13 64 255
7 64 255
64 129 0
64 119 8
51 108 64
51 108 96
9 96 182
0 79 255
21 96 234
13 96 255
7 96 255
64 170 0
64 161 0
0 225 17
1 190 96
40 151 128
30 128 193
0 138 255
0 121 255
7 127 255
64 210 0
64 202 0
30 193 64
0 255 75
30 193 128
30 193 160
0 191 255
13 160 255
7 160 255
64 248 0
64 242 0
21 234 64
21 234 96
21 234 128
21 234 160
21 234 192
13 192 255
7 192 255
64 255 0
64 255 0
13 255 64
13 255 96
13 255 128
13 255 160
13 255 192
13 255 224
7 224 255
64 255 0
64 255 0
7 255 64
7 255 96
7 255 128
7 255 160
7 255 192
7 255 224
7 255 255
129 0 0
129 0 32
129 0 64
129 0 96
96 0 170
96 0 210
96 0 248
96 0 255
96 0 255
129 32 0
119 8 32
119 8 64
119 8 96
96 0 161
96 0 202
96 0 242
96 0 255
96 0 255
129 64 0
119 64 8
55 18 26
108 51 96
96 40 151
79 0 255
85 0 255
80 0 255
96 7 255
129 96 0
119 96 8
55 47 18
47 47 47
83 96 140
9 56 246
62 96 225
22 75 255
45 96 255
96 170 0
96 161 0
96 151 40
43 179 72
83 140 128
41 128 214
0 121 255
8 112 255
45 128 255
96 210 0
96 202 0
96 193 30
0 255 49
33 222 128
72 183 160
0 183 255
8 167 255
45 160 255
96 248 0
96 242 0
96 234 21
62 225 96
62 225 128
62 225 160
62 225 192
53 192 255
45 192 255
96 255 0
96 255 0
96 255 13
53 255 96
53 255 128
53 255 160
53 255 192
53 255 224
45 224 255
96 255 0
96 255 0
96 255 7
45 255 96
45 255 128
45 255 160
45 255 192
45 255 224
45 255 255
170 0 0
170 0 32
170 0 64
170 0 96
170 0 128
128 0 210
128 0 248
128 0 255
128 0 255
170 32 0
161 0 32
161 0 64
161 0 96
161 0 128
128 0 202
128 0 242
128 0 255
128 0 255
170 64 0
161 64 0
151 40 64
151 40 96
151 40 128
128 30 193
128 21 234
128 13 255
128 7 255
170 96 0
161 96 0
151 96 40
140 83 96
140 83 128
128 72 183
128 62 225
128 53 255
128 45 255
170 128 0
161 128 0
151 128 40
88 77 35
77 77 77
81 108 206
8 65 255
94 128 255
85 128 255
128 210 0
128 202 0
128 193 30
128 220 35
75 211 104
62 129 115
8 167 255
47 160 255
85 160 255
128 248 0
128 242 0
128 234 21
128 225 62
31 255 81
104 215 160
104 215 192
47 204 255
85 192 255
128 255 0
128 255 0
128 255 13
128 255 53
94 255 128
94 255 160
94 255 192
94 255 224
85 224 255
128 255 0
128 255 0
128 255 7
128 255 45
85 255 128
85 255 160
85 255 192
85 255 224
85 255 255
210 0 0
210 0 32
210 0 64
210 0 96
210 0 128
210 0 160
160 0 248
160 0 255
160 0 255
210 32 0
202 0 32
202 0 64
202 0 96
202 0 128
202 0 160
160 0 242
160 0 255
160 0 255
210 64 0
248 48 0
255 0 8
193 30 96
255 0 148
193 30 160
160 21 234
160 13 255
160 7 255
210 96 0
202 96 0
255 80 0
242 13 59
255 0 127
217 38 181
160 62 225
160 53 255
160 45 255
210 128 0
202 128 0
193 128 30
213 127 41
129 62 77
189 97 170
115 47 188
160 94 255
160 85 255
210 160 0
202 160 0
193 160 30
183 160 72
129 115 62
115 115 115
113 140 238
86 139 255
126 160 255
160 248 0
160 242 0
160 234 21
160 225 62
160 215 104
107 243 136
147 204 192
86 197 255
126 198 255
160 255 0
160 255 0
160 255 13
160 255 53
160 255 94
136 247 160
136 247 192
136 247 224
126 224 255
160 255 0
160 255 0
160 255 7
160 255 45
160 255 85
126 255 160
126 255 192
126 255 224
126 255 255
248 0 0
248 0 32
248 0 64
248 0 96
248 0 128
248 0 160
248 0 192
192 0 255
192 0 255
248 32 0
242 0 32
242 0 64
242 0 96
255 0 134
242 0 160
242 0 192
192 0 255
192 0 255
248 64 0
242 64 0
234 21 64
234 21 96
255 0 128
234 21 160
234 21 192
192 13 255
192 7 255
248 96 0
242 96 0
255 64 0
255 0 40
255 0 111
255 0 180
225 62 192
192 53 255
192 45 255
248 128 0
242 128 0
234 128 21
255 112 0
255 45 91
255 7 159
215 104 192
192 94 255
192 85 255
248 160 0
242 160 0
234 160 21
225 160 62
245 159 73
235 115 141
236 115 211
191 102 255
192 126 255
248 192 0
242 192 0
234 192 21
225 192 62
215 192 104
204 192 147
159 159 159
128 169 255
168 192 255
192 255 0
192 255 0
192 255 13
192 255 53
192 255 94
192 255 123
139 255 168
129 255 253
168 226 255
192 255 0
192 255 0
192 255 7
192 255 45
192 255 85
192 255 126
168 255 192
168 255 224
168 255 255
255 0 0
255 0 32
255 0 64
255 0 96
255 0 128
255 0 160
255 0 192
255 0 224
224 0 255
255 32 0
255 0 32
255 0 64
255 0 96
255 0 128
255 0 170
255 0 192
255 0 224
224 0 255
255 64 0
255 64 0
255 13 64
255 13 96
255 0 121
255 0 166
255 13 192
255 13 224
224 7 255
255 96 0
255 96 0
255 96 13
255 53 96
255 50 127
255 8 160
255 8 207
255 53 224
224 45 255
255 128 0
255 128 0
255 128 13
255 128 53
255 94 128
255 77 156
255 47 202
255 47 254
224 85 255
255 160 0
255 160 0
255 160 13
255 160 53
255 149 47
255 86 129
255 85 191
255 86 255
224 126 255
255 192 0
255 192 0
255 210 0
255 207 8
255 200 54
255 191 105
255 147 173
255 128 255
224 168 255
255 224 0
255 224 0
254 255 0
254 255 8
254 255 47
255 245 102
253 234 161
207 207 207
212 227 255
224 255 0
224 255 0
224 255 7
224 255 45
224 255 85
224 255 126
224 255 168
212 255 224
212 255 255
255 0 0
255 0 32
255 0 64
255 0 96
255 0 128
255 0 160
255 0 192
255 0 224
255 0 255
255 32 0
255 0 32
255 0 64
255 0 96
255 0 128
255 0 160
255 0 192
255 0 224
255 0 255
255 64 0
255 64 0
255 7 64
255 7 96
255 7 128
255 7 159
255 7 192
255 7 224
255 7 255
255 96 0
255 96 0
255 96 7
255 45 96
255 45 128
255 45 160
255 45 192
255 45 224
255 45 255
255 128 0
255 128 0
255 128 7
255 128 45
255 85 128
255 85 160
255 85 192
255 85 224
255 85 255
255 160 0
255 160 0
255 160 7
255 160 45
255 160 85
255 126 160
255 126 192
255 126 224
255 126 255
255 192 0
255 192 0
255 192 7
255 192 45
255 192 85
255 192 126
255 168 192
255 168 224
255 168 255
255 224 0
255 224 0
255 224 7
255 223 45
255 224 85
255 224 126
255 224 168
255 212 224
255 212 255
255 255 0
255 255 0
255 255 7
255 255 45
255 255 85
255 255 126
255 255 168
255 255 212
255 255 255
