0 0 0
0 0 33
0 0 69
0 0 106
0 0 146
0 0 187
0 0 230
0 0 255
0 0 255
0 33 0
0 33 32
0 32 69
0 32 106
0 32 146
0 32 187
0 32 230
0 32 255
0 32 255
0 69 0
0 69 32
0 69 64
0 64 106
0 64 146
0 64 187
0 64 230
0 64 255
0 64 255
0 106 0
0 106 32
0 106 64
0 106 96
0 96 146
0 96 187
0 96 230
0 96 255
0 96 255
0 146 0
0 146 32
0 146 64
0 146 96
0 146 128
0 128 187
0 128 230
0 128 255
0 128 255
0 187 0
0 187 32
0 187 64
0 187 96
0 187 128
0 187 160
0 160 230
0 160 255
0 160 255
0 230 0
0 230 32
0 230 64
0 230 96
0 230 128
0 230 160
0 230 192
0 192 255
0 192 255
0 255 0
0 255 32
0 255 64
0 255 96
0 255 128
0 255 160
0 255 192
0 255 224
0 224 255
0 255 0
0 255 32
0 255 64
0 255 96
0 255 128
0 255 160
0 255 192
0 255 224
0 255 255
33 0 0
33 0 32
32 0 69
32 0 106
32 0 146
32 0 187
32 0 230
32 0 255
32 0 255
33 32 0
32 32 32
30 32 65
26 32 101
21 32 138
13 32 178
4 32 219
0 32 255
0 32 255
32 69 0
30 65 32
30 65 64
26 64 101
21 64 138
13 64 178
4 64 219
0 64 255
0 64 255
32 106 0
26 101 32
26 101 64
26 101 96
21 96 138
13 96 178
4 96 219
0 96 255
0 96 255
32 146 0
21 138 32
21 138 64
21 138 96
21 138 128
13 128 178
4 128 219
0 128 255
0 128 255
32 187 0
13 178 32
13 178 64
13 178 96
13 178 128
13 178 160
4 160 219
0 160 255
0 160 255
32 230 0
4 219 32
4 219 64
4 219 96
4 219 128
4 219 160
4 219 192
0 192 255
0 192 255
32 255 0
0 255 32
0 255 64
0 255 96
0 255 128
0 255 160
0 255 192
0 255 224
0 224 255
32 255 0
0 255 32
0 255 64
0 255 96
0 255 128
0 255 160
0 255 192
0 255 224
0 255 255
69 0 0
69 0 32
69 0 64
64 0 106
64 0 146
64 0 187
64 0 230
64 0 255
64 0 255
69 32 0
65 30 32
65 30 64
64 26 101
64 21 138
64 13 178
64 4 219
64 0 255
64 0 255
69 64 0
26 26 11
26 26 26
62 64 97
1 24 190
0 4 255
12 43 243
36 64 251
26 64 255
64 106 0
64 101 26
62 97 64
62 97 96
32 96 159
0 79 248
45 96 210
36 96 251
26 96 255
64 146 0
64 138 21
0 201 17
25 166 96
58 133 128
53 128 170
0 138 255
0 121 255
26 127 255
64 187 0
64 178 13
53 170 64
0 255 75
53 170 128
53 170 160
0 191 255
36 160 251
26 160 255
64 230 0
64 219 4
45 210 64
45 210 96
45 210 128
45 210 160
45 210 192
36 192 251
26 192 255
64 255 0
64 255 0
36 251 64
36 251 96
36 251 128
36 251 160
36 251 192
36 251 224
26 224 255
64 255 0
64 255 0
26 255 64
26 255 96
26 255 128
26 255 160
26 255 192
26 255 224
26 255 255
106 0 0
106 0 32
106 0 64
106 0 96
96 0 146
96 0 187
96 0 230
96 0 255
96 0 255
106 32 0
101 26 32
101 26 64
101 26 96
96 21 138
96 13 178
96 4 219
96 0 255
96 0 255
106 64 0
101 64 26
47 25 26
97 62 96
96 58 133
79 0 251
85 12 243
80 0 255
96 26 255
106 96 0
101 96 26
47 47 25
47 47 47
94 96 129
33 56 222
85 96 202
44 75 255
69 96 255
96 146 0
96 138 21
96 133 58
64 158 72
94 129 128
64 128 191
0 121 255
27 112 255
69 128 255
96 187 0
96 178 13
96 170 53
22 233 49
57 198 128
90 165 160
0 183 255
27 167 255
69 160 255
96 230 0
96 219 4
96 210 45
85 202 96
85 202 128
85 202 160
85 202 192
77 192 242
69 192 255
96 255 0
96 255 0
96 251 36
77 242 96
77 242 128
77 242 160
77 242 192
77 242 224
69 224 255
96 255 0
96 255 0
96 255 26
69 255 96
69 255 128
69 255 160
69 255 192
69 255 224
69 255 255
146 0 0
146 0 32
146 0 64
146 0 96
146 0 128
128 0 187
128 0 230
128 0 255
128 0 255
146 32 0
138 21 32
138 21 64
138 21 96
138 21 128
128 13 178
128 4 219
128 0 255
128 0 255
146 64 0
138 64 21
133 58 64
133 58 96
133 58 128
128 53 170
128 45 210
128 36 251
128 26 255
146 96 0
138 96 21
133 96 58
129 94 96
129 94 128
128 90 165
128 85 202
128 77 242
128 69 255
146 128 0
138 128 21
133 128 58
78 77 45
77 77 77
101 108 186
27 65 255
117 128 234
110 128 255
128 187 0
128 178 13
128 170 53
128 197 59
96 190 104
75 117 115
27 167 255
70 160 255
110 160 255
128 230 0
128 219 4
128 210 45
128 202 85
54 255 81
122 197 160
122 197 192
70 204 255
110 192 255
128 255 0
128 255 0
128 251 36
128 242 77
117 234 128
117 234 160
117 234 192
117 234 224
110 224 255
128 255 0
128 255 0
128 255 26
128 255 69
110 255 128
110 255 160
110 255 192
110 255 224
110 255 255
187 0 0
187 0 32
187 0 64
187 0 96
187 0 128
187 0 160
160 0 230
160 0 255
160 0 255
187 32 0
178 13 32
178 13 64
178 13 96
178 13 128
178 13 160
160 4 219
160 0 255
160 0 255
187 64 0
230 48 0
255 0 8
170 53 96
255 0 148
170 53 160
160 45 210
160 36 251
160 26 255
187 96 0
178 96 13
243 80 0
218 38 59
245 9 127
194 62 181
160 85 202
160 77 242
160 69 255
187 128 0
178 128 13
170 128 53
190 127 65
117 75 77
173 113 170
115 68 167
160 117 234
160 110 255
187 160 0
178 160 13
170 160 53
165 160 90
117 115 75
115 115 115
133 140 218
111 139 255
149 160 255
160 230 0
160 219 4
160 210 45
160 202 85
160 197 122
128 222 136
158 193 192
111 197 255
149 198 255
160 255 0
160 255 0
160 251 36
160 242 77
160 234 117
154 229 160
154 229 192
154 229 224
149 224 255
160 255 0
160 255 0
160 255 26
160 255 69
160 255 110
149 255 160
149 255 192
149 255 224
149 255 255
230 0 0
230 0 32
230 0 64
230 0 96
230 0 128
230 0 160
230 0 192
192 0 255
192 0 255
230 32 0
219 4 32
219 4 64
219 4 96
255 0 134
219 4 160
219 4 192
192 0 255
192 0 255
230 64 0
219 64 4
210 45 64
210 45 96
255 0 128
210 45 160
210 45 192
192 36 251
192 26 255
230 96 0
219 96 4
255 64 0
255 0 40
255 6 111
255 0 180
202 85 192
192 77 242
192 69 255
230 128 0
219 128 4
210 128 45
255 112 12
250 70 91
255 26 159
197 122 192
192 117 234
192 110 255
230 160 0
219 160 4
210 160 45
202 160 85
222 159 97
216 135 141
217 135 211
191 126 255
192 149 255
230 192 0
219 192 4
210 192 45
202 192 85
197 192 122
193 192 158
159 159 159
150 169 255
187 192 255
192 255 0
192 255 0
192 251 36
192 242 77
192 234 117
192 239 144
160 254 168
152 255 253
187 226 255
192 255 0
192 255 0
192 255 26
192 255 69
192 255 110
192 255 149
187 255 192
187 255 224
187 255 255
255 0 0
255 0 32
255 0 64
255 0 96
255 0 128
255 0 160
255 0 192
255 0 224
224 0 255
255 32 0
255 0 32
255 0 64
255 0 96
255 0 128
255 0 170
255 0 192
255 0 224
224 0 255
255 64 0
255 64 0
251 36 64
251 36 96
255 0 121
255 0 166
251 36 192
251 36 224
224 26 255
255 96 0
255 96 0
251 96 36
242 77 96
244 75 127
255 27 160
255 27 207
242 77 224
224 69 255
255 128 0
255 128 0
251 128 36
242 128 77
234 117 128
250 101 156
255 70 202
255 70 254
224 110 255
255 160 0
255 160 0
251 160 36
242 160 77
255 149 70
255 111 129
255 110 191
255 111 255
224 149 255
255 192 0
255 192 0
255 210 0
255 207 27
255 200 78
254 191 129
248 167 173
255 150 255
224 187 255
255 224 0
255 224 0
254 255 0
254 255 27
254 255 70
255 245 126
237 234 177
207 207 207
222 227 255
224 255 0
224 255 0
224 255 26
224 255 69
224 255 110
224 255 149
224 255 187
222 255 224
222 255 255
255 0 0
255 0 32
255 0 64
255 0 96
255 0 128
255 0 160
255 0 192
255 0 224
255 0 255
255 32 0
255 0 32
255 0 64
255 0 96
255 0 128
255 0 160
255 0 192
255 0 224
255 0 255
255 64 0
255 64 0
255 26 64
255 26 96
255 26 128
255 26 159
255 26 192
255 26 224
255 26 255
255 96 0
255 96 0
255 96 26
255 69 96
255 69 128
255 69 160
255 69 192
255 69 224
255 69 255
255 128 0
255 128 0
255 128 26
255 128 69
255 110 128
255 110 160
255 110 192
255 110 224
255 110 255
255 160 0
255 160 0
255 160 26
255 160 69
255 160 110
255 149 160
255 149 192
255 149 224
255 149 255
255 192 0
255 192 0
255 192 26
255 192 69
255 192 110
255 192 149
255 187 192
255 187 224
255 187 255
255 224 0
255 224 0
255 224 26
255 223 69
255 224 110
255 224 149
255 224 187
255 222 224
255 222 255
255 255 0
255 255 0
255 255 26
255 255 69
255 255 110
255 255 149
255 255 187
255 255 222
255 255 255
