0 0 0
0 0 16
0 0 47
0 0 87
0 0 131
0 0 174
0 0 213
0 0 242
0 0 255
0 16 0
0 16 16
0 16 47
0 16 87
0 16 131
0 16 174
0 16 213
0 16 242
0 16 255
0 47 0
0 47 16
0 47 47
0 47 87
0 47 131
0 47 174
0 47 213
0 47 242
0 47 255
0 87 0
0 87 16
0 87 47
0 87 87
0 87 131
0 87 174
0 87 213
0 87 242
0 87 255
0 131 0
0 131 16
0 131 47
0 131 87
0 131 131
0 131 174
0 131 213
0 131 242
0 131 255
0 174 0
0 174 16
0 174 47
0 174 87
0 174 131
0 174 174
0 174 213
0 174 242
0 174 255
0 213 0
0 213 16
0 213 47
0 213 87
0 213 131
0 213 174
0 213 213
0 213 242
0 213 255
0 242 0
0 242 16
0 242 47
0 242 87
0 242 131
0 242 174
0 242 213
0 242 242
0 242 255
0 255 0
0 255 16
0 255 47
0 255 87
0 255 131
0 255 174
0 255 213
0 255 242
0 255 255
16 0 0
16 0 16
16 0 47
16 0 87
16 0 131
16 0 174
16 0 213
16 0 242
16 0 255
16 16 0
16 16 16
16 16 47
16 16 87
16 16 131
16 16 174
16 16 213
16 16 242
16 16 255
16 47 0
16 47 16
16 47 47
16 47 87
16 47 131
16 47 174
16 47 213
16 47 242
16 47 255
16 87 0
16 87 16
16 87 47
16 87 87
16 87 131
16 87 174
16 87 213
16 87 242
16 87 255
16 131 0
16 131 16
16 131 47
16 131 87
16 131 131
16 131 174
16 131 213
16 131 242
16 131 255
16 174 0
16 174 16
16 174 47
16 174 87
16 174 131
16 174 174
16 174 213
16 174 242
16 174 255
16 213 0
16 213 16
16 213 47
16 213 87
16 213 131
16 213 174
16 213 213
16 213 242
16 213 255
16 242 0
16 242 16
16 242 47
16 242 87
16 242 131
16 242 174
16 242 213
16 242 242
16 242 255
16 255 0
16 255 16
16 255 47
16 255 87
16 255 131
16 255 174
16 255 213
16 255 242
16 255 255
47 0 0
47 0 16
47 0 47
47 0 87
47 0 131
47 0 174
47 0 213
47 0 242
47 0 255
47 16 0
47 16 16
47 16 47
47 16 87
47 16 131
47 16 174
47 16 213
47 16 242
47 16 255
47 47 0
11 11 3
11 11 11
47 47 87
10 10 184
0 0 239
25 25 233
47 47 242
47 47 255
47 87 0
47 87 16
47 87 47
47 87 87
27 87 157
4 65 230
47 87 213
47 87 242
47 87 255
47 131 0
47 131 16
5 193 5
23 163 87
47 131 131
47 131 174
0 144 255
17 121 255
47 129 255
47 174 0
47 174 16
47 174 47
0 238 60
47 174 131
47 174 174
0 212 255
47 174 242
47 174 255
47 213 0
47 213 16
47 213 47
47 213 87
47 213 131
47 213 174
47 213 213
47 213 242
47 213 255
47 242 0
47 242 16
47 242 47
47 242 87
47 242 131
47 242 174
47 242 213
47 242 242
47 242 255
47 255 0
47 255 16
47 255 47
47 255 87
47 255 131
47 255 174
47 255 213
47 255 242
47 255 255
87 0 0
87 0 16
87 0 47
87 0 87
87 0 131
87 0 174
87 0 213
87 0 242
87 0 255
87 16 0
87 16 16
87 16 47
87 16 87
87 16 131
87 16 174
87 16 213
87 16 242
87 16 255
87 47 0
87 47 16
29 11 11
87 47 87
87 47 131
65 3 231
73 25 233
67 21 254
87 47 255
87 87 0
87 87 16
29 29 11
29 29 29
87 87 131
38 38 221
87 87 213
60 60 253
87 87 255
87 131 0
87 131 16
87 131 47
57 162 57
87 131 131
63 131 198
17 121 255
48 109 255
87 131 255
87 174 0
87 174 16
87 174 47
31 228 31
57 204 131
87 174 174
17 202 255
48 183 255
87 174 255
87 213 0
87 213 16
87 213 47
87 213 87
87 213 131
87 213 174
87 213 213
87 213 242
87 213 255
87 242 0
87 242 16
87 242 47
87 242 87
87 242 131
87 242 174
87 242 213
87 242 242
87 242 255
87 255 0
87 255 16
87 255 47
87 255 87
87 255 131
87 255 174
87 255 213
87 255 242
87 255 255
131 0 0
131 0 16
131 0 47
131 0 87
131 0 131
131 0 174
131 0 213
131 0 242
131 0 255
131 16 0
131 16 16
131 16 47
131 16 87
131 16 131
131 16 174
131 16 213
131 16 242
131 16 255
131 47 0
131 47 16
131 47 47
131 47 87
131 47 131
131 47 174
131 47 213
131 47 242
131 47 255
131 87 0
131 87 16
131 87 47
131 87 87
131 87 131
131 87 174
131 87 213
131 87 242
131 87 255
131 131 0
131 131 16
131 131 47
63 63 29
63 63 63
103 103 199
48 48 255
131 131 242
131 131 255
131 174 0
131 174 16
131 174 47
131 202 58
98 202 98
63 113 113
48 183 255
88 174 255
131 174 255
131 213 0
131 213 16
131 213 47
131 213 87
68 250 68
131 213 174
131 213 213
88 225 255
131 213 255
131 242 0
131 242 16
131 242 47
131 242 87
131 242 131
131 242 174
131 242 213
131 242 242
131 242 255
131 255 0
131 255 16
131 255 47
131 255 87
131 255 131
131 255 174
131 255 213
131 255 242
131 255 255
174 0 0
174 0 16
174 0 47
174 0 87
174 0 131
174 0 174
174 0 213
174 0 242
174 0 255
174 16 0
174 16 16
174 16 47
174 16 87
174 16 131
174 16 174
174 16 213
174 16 242
174 16 255
174 47 0
213 30 0
235 1 1
174 47 87
241 0 158
174 47 174
174 47 213
174 47 242
174 47 255
174 87 0
174 87 16
227 67 5
218 42 42
234 24 129
200 60 200
174 87 213
174 87 242
174 87 255
174 131 0
174 131 16
174 131 47
197 129 63
113 63 63
187 116 187
113 63 173
174 131 242
174 131 255
174 174 0
174 174 16
174 174 47
174 174 87
113 113 63
113 113 113
147 147 232
132 146 255
174 174 255
174 213 0
174 213 16
174 213 47
174 213 87
174 213 131
142 235 142
174 213 213
132 218 255
174 219 255
174 242 0
174 242 16
174 242 47
174 242 87
174 242 131
174 242 174
174 242 213
174 242 242
174 242 255
174 255 0
174 255 16
174 255 47
174 255 87
174 255 131
174 255 174
174 255 213
174 255 242
174 255 255
213 0 0
213 0 16
213 0 47
213 0 87
213 0 131
213 0 174
213 0 213
213 0 242
213 0 255
213 16 0
213 16 16
213 16 47
213 16 87
242 0 139
213 16 174
213 16 213
213 16 242
213 16 255
213 47 0
213 47 16
213 47 47
213 47 87
247 10 131
213 47 174
213 47 213
213 47 242
213 47 255
213 87 0
213 87 16
255 47 0
253 23 23
251 28 107
255 16 199
213 87 213
213 87 242
213 87 255
213 131 0
213 131 16
213 131 47
250 109 31
245 81 81
255 47 173
213 131 213
213 131 242
213 131 255
213 174 0
213 174 16
213 174 47
213 174 87
231 173 105
231 149 149
231 149 231
212 146 252
213 174 255
213 213 0
213 213 16
213 213 47
213 213 87
213 213 131
213 213 174
173 173 173
175 185 255
213 213 255
213 242 0
213 242 16
213 242 47
213 242 87
213 242 131
213 247 163
184 253 184
177 254 254
213 243 255
213 255 0
213 255 16
213 255 47
213 255 87
213 255 131
213 255 174
213 255 213
213 255 242
213 255 255
242 0 0
242 0 16
242 0 47
242 0 87
242 0 131
242 0 174
242 0 213
242 0 242
242 0 255
242 16 0
242 16 16
242 16 47
242 16 87
255 0 131
255 0 187
242 16 213
242 16 242
242 16 255
242 47 0
242 47 16
242 47 47
242 47 87
255 17 121
255 17 182
242 47 213
242 47 242
242 47 255
242 87 0
242 87 16
242 87 47
242 87 87
243 85 129
255 48 174
255 48 228
242 87 242
242 87 255
242 131 0
242 131 16
242 131 47
242 131 87
242 131 131
249 116 169
255 88 223
255 88 254
242 131 255
242 174 0
242 174 16
242 174 47
242 174 87
255 159 88
255 132 132
255 131 212
255 132 255
242 174 255
242 213 0
242 213 16
255 231 17
255 228 48
254 221 95
252 212 149
252 190 190
255 175 255
242 213 255
242 242 0
242 242 16
254 255 17
254 255 48
254 255 88
253 253 146
248 248 200
228 228 228
242 244 255
242 255 0
242 255 16
242 255 47
242 255 87
242 255 131
242 255 174
242 255 213
242 255 242
242 255 255
255 0 0
255 0 16
255 0 47
255 0 87
255 0 131
255 0 174
255 0 213
255 0 242
255 0 255
255 16 0
255 16 16
255 16 47
255 16 87
255 16 131
255 16 174
255 16 213
255 16 242
255 16 255
255 47 0
255 47 16
255 47 47
255 47 87
255 47 131
255 47 173
255 47 213
255 47 242
255 47 255
255 87 0
255 87 16
255 87 47
255 87 87
255 87 131
255 87 174
255 87 213
255 87 242
255 87 255
255 131 0
255 131 16
255 131 47
255 131 87
255 131 131
255 131 174
255 131 213
255 131 242
255 131 255
255 174 0
255 174 16
255 174 47
255 174 87
255 174 131
255 174 174
255 174 213
255 174 242
255 174 255
255 213 0
255 213 16
255 213 47
255 213 87
255 213 131
255 213 174
255 213 213
255 213 242
255 213 255
255 242 0
255 242 16
255 242 47
255 241 87
255 242 131
255 242 174
255 242 213
255 242 242
255 242 255
255 255 0
255 255 16
255 255 47
255 255 87
255 255 131
255 255 174
255 255 213
255 255 242
255 255 255
