0 0 0
0 0 21
0 0 55
0 0 94
0 0 134
0 0 174
0 0 210
0 0 239
0 0 255
0 21 0
0 21 21
0 21 55
0 21 94
0 21 134
0 21 174
0 21 210
0 21 239
0 21 255
0 55 0
0 55 21
0 55 55
0 55 94
0 55 134
0 55 174
0 55 210
0 55 239
0 55 255
0 94 0
0 94 21
0 94 55
0 94 94
0 94 134
0 94 174
0 94 210
0 94 239
0 94 255
0 134 0
0 134 21
0 134 55
0 134 94
0 134 134
0 134 174
0 134 210
0 134 239
0 134 255
0 174 0
0 174 21
0 174 55
0 174 94
0 174 134
0 174 174
0 174 210
0 174 239
0 174 255
0 210 0
0 210 21
0 210 55
0 210 94
0 210 134
0 210 174
0 210 210
0 210 239
0 210 255
0 239 0
0 239 21
0 239 55
0 239 94
0 239 134
0 239 174
0 239 210
0 239 239
0 239 255
0 255 0
0 255 21
0 255 55
0 255 94
0 255 134
0 255 174
0 255 210
0 255 239
0 255 255
21 0 0
21 0 21
21 0 55
21 0 94
21 0 134
21 0 174
21 0 210
21 0 239
21 0 255
21 21 0
21 21 21
21 21 55
21 21 94
21 21 134
21 21 174
21 21 210
21 21 239
21 21 255
21 55 0
21 55 21
21 55 55
21 55 94
21 55 134
21 55 174
21 55 210
21 55 239
21 55 255
21 94 0
21 94 21
21 94 55
21 94 94
21 94 134
21 94 174
21 94 210
21 94 239
21 94 255
21 134 0
21 134 21
21 134 55
21 134 94
21 134 134
21 134 174
21 134 210
21 134 239
21 134 255
21 174 0
21 174 21
21 174 55
21 174 94
21 174 134
21 174 174
21 174 210
21 174 239
21 174 255
21 210 0
21 210 21
21 210 55
21 210 94
21 210 134
21 210 174
21 210 210
21 210 239
21 210 255
21 239 0
21 239 21
21 239 55
21 239 94
21 239 134
21 239 174
21 239 210
21 239 239
21 239 255
21 255 0
21 255 21
21 255 55
21 255 94
21 255 134
21 255 174
21 255 210
21 255 239
21 255 255
55 0 0
55 0 21
55 0 55
55 0 94
55 0 134
55 0 174
55 0 210
55 0 239
55 0 255
55 21 0
55 21 21
55 21 55
55 21 94
55 21 134
55 21 174
55 21 210
55 21 239
55 21 255
55 55 0
16 16 5
16 16 16
55 55 94
14 14 183
1 1 236
32 32 230
55 55 239
55 55 255
55 94 0
55 94 21
55 94 55
55 94 94
34 94 158
6 73 227
55 94 210
55 94 239
55 94 255
55 134 0
55 134 21
8 192 8
29 164 94
55 134 134
55 134 174
0 147 255
22 125 255
55 133 255
55 174 0
55 174 21
55 174 55
1 235 68
55 174 134
55 174 174
0 209 255
55 174 239
55 174 255
55 210 0
55 210 21
55 210 55
55 210 94
55 210 134
55 210 174
55 210 210
55 210 239
55 210 255
55 239 0
55 239 21
55 239 55
55 239 94
55 239 134
55 239 174
55 239 210
55 239 239
55 239 255
55 255 0
55 255 21
55 255 55
55 255 94
55 255 134
55 255 174
55 255 210
55 255 239
55 255 255
94 0 0
94 0 21
94 0 55
94 0 94
94 0 134
94 0 174
94 0 210
94 0 239
94 0 255
94 21 0
94 21 21
94 21 55
94 21 94
94 21 134
94 21 174
94 21 210
94 21 239
94 21 255
94 55 0
94 55 21
36 16 16
94 55 94
94 55 134
73 6 229
80 32 230
74 27 254
94 55 255
94 94 0
94 94 21
36 36 16
36 36 36
94 94 134
46 46 218
94 94 210
68 68 252
94 94 255
94 134 0
94 134 21
94 134 55
64 163 64
94 134 134
70 134 196
22 125 255
56 114 255
94 134 255
94 174 0
94 174 21
94 174 55
38 225 38
64 202 134
94 174 174
22 201 255
56 182 255
94 174 255
94 210 0
94 210 21
94 210 55
94 210 94
94 210 134
94 210 174
94 210 210
94 210 239
94 210 255
94 239 0
94 239 21
94 239 55
94 239 94
94 239 134
94 239 174
94 239 210
94 239 239
94 239 255
94 255 0
94 255 21
94 255 55
94 255 94
94 255 134
94 255 174
94 255 210
94 255 239
94 255 255
134 0 0
134 0 21
134 0 55
134 0 94
134 0 134
134 0 174
134 0 210
134 0 239
134 0 255
134 21 0
134 21 21
134 21 55
134 21 94
134 21 134
134 21 174
134 21 210
134 21 239
134 21 255
134 55 0
134 55 21
134 55 55
134 55 94
134 55 134
134 55 174
134 55 210
134 55 239
134 55 255
134 94 0
134 94 21
134 94 55
134 94 94
134 94 134
134 94 174
134 94 210
134 94 239
134 94 255
134 134 0
134 134 21
134 134 55
70 70 36
70 70 70
109 109 197
56 56 255
134 134 239
134 134 255
134 174 0
134 174 21
134 174 55
134 201 65
104 201 104
70 118 118
56 182 255
95 174 255
134 174 255
134 210 0
134 210 21
134 210 55
134 210 94
75 249 75
134 210 174
134 210 210
95 222 255
134 210 255
134 239 0
134 239 21
134 239 55
134 239 94
134 239 134
134 239 174
134 239 210
134 239 239
134 239 255
134 255 0
134 255 21
134 255 55
134 255 94
134 255 134
134 255 174
134 255 210
134 255 239
134 255 255
174 0 0
174 0 21
174 0 55
174 0 94
174 0 134
174 0 174
174 0 210
174 0 239
174 0 255
174 21 0
174 21 21
174 21 55
174 21 94
174 21 134
174 21 174
174 21 210
174 21 239
174 21 255
174 55 0
210 37 0
232 3 3
174 55 94
238 0 159
174 55 174
174 55 210
174 55 239
174 55 255
174 94 0
174 94 21
224 74 8
215 49 49
231 30 133
198 68 198
174 94 210
174 94 239
174 94 255
174 134 0
174 134 21
174 134 55
195 133 70
118 70 70
186 120 186
118 70 173
174 134 239
174 134 255
174 174 0
174 174 21
174 174 55
174 174 94
118 118 70
118 118 118
149 149 229
136 148 255
174 174 255
174 210 0
174 210 21
174 210 55
174 210 94
174 210 134
144 232 144
174 210 210
136 215 255
174 216 255
174 239 0
174 239 21
174 239 55
174 239 94
174 239 134
174 239 174
174 239 210
174 239 239
174 239 255
174 255 0
174 255 21
174 255 55
174 255 94
174 255 134
174 255 174
174 255 210
174 255 239
174 255 255
210 0 0
210 0 21
210 0 55
210 0 94
210 0 134
210 0 174
210 0 210
210 0 239
210 0 255
210 21 0
210 21 21
210 21 55
210 21 94
239 0 142
210 21 174
210 21 210
210 21 239
210 21 255
210 55 0
210 55 21
210 55 55
210 55 94
245 14 134
210 55 174
210 55 210
210 55 239
210 55 255
210 94 0
210 94 21
255 55 0
253 29 29
250 35 113
255 21 197
210 94 210
210 94 239
210 94 255
210 134 0
210 134 21
210 134 55
248 114 38
243 87 87
255 55 173
210 134 210
210 134 239
210 134 255
210 174 0
210 174 21
210 174 55
210 174 94
228 173 110
228 151 151
229 151 229
209 148 251
210 174 255
210 210 0
210 210 21
210 210 55
210 210 94
210 210 134
210 210 174
173 173 173
175 185 255
210 210 255
210 239 0
210 239 21
210 239 55
210 239 94
210 239 134
210 245 164
183 253 183
176 254 254
210 241 255
210 255 0
210 255 21
210 255 55
210 255 94
210 255 134
210 255 174
210 255 210
210 255 239
210 255 255
239 0 0
239 0 21
239 0 55
239 0 94
239 0 134
239 0 174
239 0 210
239 0 239
239 0 255
239 21 0
239 21 21
239 21 55
239 21 94
255 0 134
255 0 186
239 21 210
239 21 239
239 21 255
239 55 0
239 55 21
239 55 55
239 55 94
255 22 125
255 22 181
239 55 210
239 55 239
239 55 255
239 94 0
239 94 21
239 94 55
239 94 94
240 91 133
255 56 174
255 56 225
239 94 239
239 94 255
239 134 0
239 134 21
239 134 55
239 134 94
239 134 134
247 120 169
255 95 220
255 95 254
239 134 255
239 174 0
239 174 21
239 174 55
239 174 94
255 161 95
255 136 136
255 134 209
255 136 255
239 174 255
239 210 0
239 210 21
255 228 22
255 225 56
254 218 101
251 209 151
251 189 189
255 175 255
239 210 255
239 239 0
239 239 21
254 255 22
254 255 56
254 255 95
252 252 148
246 246 198
225 225 225
239 241 255
239 255 0
239 255 21
239 255 55
239 255 94
239 255 134
239 255 174
239 255 210
239 255 239
239 255 255
255 0 0
255 0 21
255 0 55
255 0 94
255 0 134
255 0 174
255 0 210
255 0 239
255 0 255
255 21 0
255 21 21
255 21 55
255 21 94
255 21 134
255 21 174
255 21 210
255 21 239
255 21 255
255 55 0
255 55 21
255 55 55
255 55 94
255 55 134
255 55 173
255 55 210
255 55 239
255 55 255
255 94 0
255 94 21
255 94 55
255 94 94
255 94 134
255 94 174
255 94 210
255 94 239
255 94 255
255 134 0
255 134 21
255 134 55
255 134 94
255 134 134
255 134 174
255 134 210
255 134 239
255 134 255
255 174 0
255 174 21
255 174 55
255 174 94
255 174 134
255 174 174
255 174 210
255 174 239
255 174 255
255 210 0
255 210 21
255 210 55
255 210 94
255 210 134
255 210 174
255 210 210
255 210 239
255 210 255
255 239 0
255 239 21
255 239 55
255 238 94
255 239 134
255 239 174
255 239 210
255 239 239
255 239 255
255 255 0
255 255 21
255 255 55
255 255 94
255 255 134
255 255 174
255 255 210
255 255 239
255 255 255
