0 0 0
0 0 50
0 0 91
0 0 131
0 0 170
0 0 208
0 0 245
0 0 255
0 0 255
0 50 0
0 50 32
0 32 91
0 32 131
0 32 170
0 32 208
0 32 245
0 32 255
0 32 255
0 91 0
0 91 32
0 91 64
0 64 131
0 64 170
0 64 208
0 64 245
0 64 255
0 64 255
0 131 0
0 131 32
0 131 64
0 131 96
0 96 170
0 96 208
0 96 245
0 96 255
0 96 255
0 170 0
0 170 32
0 170 64
0 170 96
0 170 128
0 128 208
0 128 245
0 128 255
0 128 255
0 208 0
0 208 32
0 208 64
0 208 96
0 208 128
0 208 160
0 160 245
0 160 255
0 160 255
0 245 0
0 245 32
0 245 64
0 245 96
0 245 128
0 245 160
0 245 192
0 192 255
0 192 255
0 255 0
0 255 32
0 255 64
0 255 96
0 255 128
0 255 160
0 255 192
0 255 224
0 224 255
0 255 0
0 255 32
0 255 64
0 255 96
0 255 128
0 255 160
0 255 192
0 255 224
0 255 255
50 0 0
50 0 32
32 0 91
32 0 131
32 0 170
32 0 208
32 0 245
32 0 255
32 0 255
50 32 0
32 32 32
13 32 82
4 32 123
0 32 163
0 32 202
0 32 240
0 32 255
0 32 255
32 91 0
13 82 32
13 82 64
4 64 123
0 64 163
0 64 202
0 64 240
0 64 255
0 64 255
32 131 0
4 123 32
4 123 64
4 123 96
0 96 163
0 96 202
0 96 240
0 96 255
0 96 255
32 170 0
0 163 32
0 163 64
0 163 96
0 163 128
0 128 202
0 128 240
0 128 255
0 128 255
32 208 0
0 202 32
0 202 64
0 202 96
0 202 128
0 202 160
0 160 240
0 160 255
0 160 255
32 245 0
0 240 32
0 240 64
0 240 96
0 240 128
0 240 160
0 240 192
0 192 255
0 192 255
32 255 0
0 255 32
0 255 64
0 255 96
0 255 128
0 255 160
0 255 192
0 255 224
0 224 255
32 255 0
0 255 32
0 255 64
0 255 96
0 255 128
0 255 160
0 255 192
0 255 224
0 255 255
91 0 0
91 0 32
91 0 64
64 0 131
64 0 170
64 0 208
64 0 245
64 0 255
64 0 255
91 32 0
82 13 32
82 13 64
64 4 123
64 0 163
64 0 202
64 0 240
64 0 255
64 0 255
91 64 0
37 26 1
26 26 26
45 64 114
0 24 213
0 4 255
0 43 255
16 64 255
10 64 255
64 131 0
64 123 4
45 114 64
45 114 96
8 96 183
0 79 255
22 96 234
16 96 255
10 96 255
64 170 0
64 163 0
0 222 17
1 190 96
36 155 128
28 128 195
0 138 255
0 121 255
10 127 255
64 208 0
64 202 0
28 195 64
0 255 75
28 195 128
28 195 160
0 191 255
16 160 255
10 160 255
64 245 0
64 240 0
22 234 64
22 234 96
22 234 128
22 234 160
22 234 192
16 192 255
10 192 255
64 255 0
64 255 0
16 255 64
16 255 96
16 255 128
16 255 160
16 255 192
16 255 224
10 224 255
64 255 0
64 255 0
10 255 64
10 255 96
10 255 128
10 255 160
10 255 192
10 255 224
10 255 255
131 0 0
131 0 32
131 0 64
131 0 96
96 0 170
96 0 208
96 0 245
96 0 255
96 0 255
131 32 0
123 4 32
123 4 64
123 4 96
96 0 163
96 0 202
96 0 240
96 0 255
96 0 255
131 64 0
123 64 4
61 11 26
114 45 96
96 36 155
79 0 255
85 0 255
80 0 255
96 10 255
131 96 0
123 96 4
61 47 11
47 47 47
77 96 146
11 56 245
60 96 227
25 75 255
48 96 255
96 170 0
96 163 0
96 155 36
40 182 72
77 146 128
40 128 215
0 121 255
11 112 255
48 128 255
96 208 0
96 202 0
96 195 28
1 254 49
33 222 128
68 187 160
0 183 255
11 167 255
48 160 255
96 245 0
96 240 0
96 234 22
60 227 96
60 227 128
60 227 160
60 227 192
54 192 255
48 192 255
96 255 0
96 255 0
96 255 16
54 255 96
54 255 128
54 255 160
54 255 192
54 255 224
48 224 255
96 255 0
96 255 0
96 255 10
48 255 96
48 255 128
48 255 160
48 255 192
48 255 224
48 255 255
170 0 0
170 0 32
170 0 64
170 0 96
170 0 128
128 0 208
128 0 245
128 0 255
128 0 255
170 32 0
163 0 32
163 0 64
163 0 96
163 0 128
128 0 202
128 0 240
128 0 255
128 0 255
170 64 0
163 64 0
155 36 64
155 36 96
155 36 128
128 28 195
128 22 234
128 16 255
128 10 255
170 96 0
163 96 0
155 96 36
146 77 96
146 77 128
128 68 187
128 60 227
128 54 255
128 48 255
170 128 0
163 128 0
155 128 36
94 77 29
77 77 77
78 108 209
11 65 255
92 128 255
86 128 255
128 208 0
128 202 0
128 195 28
128 221 34
72 214 104
56 135 115
11 167 255
49 160 255
86 160 255
128 245 0
128 240 0
128 234 22
128 227 60
33 255 81
100 219 160
100 219 192
49 204 255
86 192 255
128 255 0
128 255 0
128 255 16
128 255 54
92 255 128
92 255 160
92 255 192
92 255 224
86 224 255
128 255 0
128 255 0
128 255 10
128 255 48
86 255 128
86 255 160
86 255 192
86 255 224
86 255 255
208 0 0
208 0 32
208 0 64
208 0 96
208 0 128
208 0 160
160 0 245
160 0 255
160 0 255
208 32 0
202 0 32
202 0 64
202 0 96
202 0 128
202 0 160
160 0 240
160 0 255
160 0 255
208 64 0
245 48 0
255 0 8
195 28 96
255 0 148
195 28 160
160 22 234
160 16 255
160 10 255
208 96 0
202 96 0
255 80 0
241 15 59
255 0 127
218 37 181
160 60 227
160 54 255
160 48 255
208 128 0
202 128 0
195 128 28
214 127 40
135 56 77
194 92 170
115 44 191
160 92 255
160 86 255
208 160 0
202 160 0
195 160 28
187 160 68
135 115 56
115 115 115
110 140 241
87 139 255
124 160 255
160 245 0
160 240 0
160 234 22
160 227 60
160 219 100
104 246 136
141 210 192
87 197 255
124 198 255
160 255 0
160 255 0
160 255 16
160 255 54
160 255 92
132 251 160
132 251 192
132 251 224
124 224 255
160 255 0
160 255 0
160 255 10
160 255 48
160 255 86
124 255 160
124 255 192
124 255 224
124 255 255
245 0 0
245 0 32
245 0 64
245 0 96
245 0 128
245 0 160
245 0 192
192 0 255
192 0 255
245 32 0
240 0 32
240 0 64
240 0 96
255 0 134
240 0 160
240 0 192
192 0 255
192 0 255
245 64 0
240 64 0
234 22 64
234 22 96
255 0 128
234 22 160
234 22 192
192 16 255
192 10 255
245 96 0
240 96 0
255 64 0
255 0 40
255 0 111
255 0 180
227 60 192
192 54 255
192 48 255
245 128 0
240 128 0
234 128 22
255 112 0
255 47 91
255 10 159
219 100 192
192 92 255
192 86 255
245 160 0
240 160 0
234 160 22
227 160 60
246 159 72
239 112 141
240 111 211
191 101 255
192 124 255
245 192 0
240 192 0
234 192 22
227 192 60
219 192 100
210 192 141
159 159 159
126 169 255
164 192 255
192 255 0
192 255 0
192 255 16
192 255 54
192 255 92
192 255 120
136 255 168
127 255 253
164 226 255
192 255 0
192 255 0
192 255 10
192 255 48
192 255 86
192 255 124
164 255 192
164 255 224
164 255 255
255 0 0
255 0 32
255 0 64
255 0 96
255 0 128
255 0 160
255 0 192
255 0 224
224 0 255
255 32 0
255 0 32
255 0 64
255 0 96
255 0 128
255 0 170
255 0 192
255 0 224
224 0 255
255 64 0
255 64 0
255 16 64
255 16 96
255 0 121
255 0 166
255 16 192
255 16 224
224 10 255
255 96 0
255 96 0
255 96 16
255 54 96
255 51 127
255 11 160
255 11 207
255 54 224
224 48 255
255 128 0
255 128 0
255 128 16
255 128 54
255 92 128
255 77 156
255 49 202
255 49 254
224 86 255
255 160 0
255 160 0
255 160 16
255 160 54
255 149 49
255 87 129
255 86 191
255 87 255
224 124 255
255 192 0
255 192 0
255 210 0
255 207 11
255 200 56
255 191 104
255 144 173
255 126 255
224 164 255
255 224 0
255 224 0
254 255 0
254 255 11
254 255 49
255 245 101
255 234 156
207 207 207
206 227 255
224 255 0
224 255 0
224 255 10
224 255 48
224 255 86
224 255 124
224 255 164
206 255 224
206 255 255
255 0 0
255 0 32
255 0 64
255 0 96
255 0 128
255 0 160
255 0 192
255 0 224
255 0 255
255 32 0
255 0 32
255 0 64
255 0 96
255 0 128
255 0 160
255 0 192
255 0 224
255 0 255
255 64 0
255 64 0
255 10 64
255 10 96
255 10 128
255 10 159
255 10 192
255 10 224
255 10 255
255 96 0
255 96 0
255 96 10
255 48 96
255 48 128
255 48 160
255 48 192
255 48 224
255 48 255
255 128 0
255 128 0
255 128 10
255 128 48
255 86 128
255 86 160
255 86 192
255 86 224
255 86 255
255 160 0
255 160 0
255 160 10
255 160 48
255 160 86
255 124 160
255 124 192
255 124 224
255 124 255
255 192 0
255 192 0
255 192 10
255 192 48
255 192 86
255 192 124
255 164 192
255 164 224
255 164 255
255 224 0
255 224 0
255 224 10
255 223 48
255 224 86
255 224 124
255 224 164
255 206 224
255 206 255
255 255 0
255 255 0
255 255 10
255 255 48
255 255 86
255 255 124
255 255 164
255 255 206
255 255 255
