0 0 0
0 0 54
0 0 69
0 0 81
0 0 93
0 0 106
0 0 121
0 0 142
0 0 255
0 54 0
0 54 54
0 54 69
0 54 81
0 54 93
0 54 106
0 54 121
0 54 142
0 54 255
0 69 0
0 69 54
0 69 69
0 69 81
0 69 93
0 69 106
0 69 121
0 69 142
0 69 255
0 81 0
0 81 54
0 81 69
0 81 81
0 81 93
0 81 106
0 81 121
0 81 142
0 81 255
0 93 0
0 93 54
0 93 69
0 93 81
0 93 93
0 93 106
0 93 121
0 93 142
0 93 255
0 106 0
0 106 54
0 106 69
0 106 81
0 106 93
0 106 106
0 106 121
0 106 142
0 106 255
0 121 0
0 121 54
0 121 69
0 121 81
0 121 93
0 121 106
0 121 121
0 121 142
0 121 255
0 142 0
0 142 54
0 142 69
0 142 81
0 142 93
0 142 106
0 142 121
0 142 142
0 142 255
0 255 0
0 255 54
0 255 69
0 255 81
0 255 93
0 255 106
0 255 121
0 255 142
0 255 255
54 0 0
54 0 54
54 0 69
54 0 81
54 0 93
54 0 106
54 0 121
54 0 142
54 0 255
54 54 0
54 54 54
54 54 69
54 54 81
54 54 93
54 54 106
54 54 121
54 54 142
54 54 255
54 69 0
54 69 54
54 69 69
54 69 81
54 69 93
54 69 106
54 69 121
54 69 142
54 69 255
54 81 0
54 81 54
54 81 69
54 81 81
54 81 93
54 81 106
54 81 121
54 81 142
54 81 255
54 93 0
54 93 54
54 93 69
54 93 81
54 93 93
54 93 106
54 93 121
54 93 142
54 93 255
54 106 0
54 106 54
54 106 69
54 106 81
54 106 93
54 106 106
54 106 121
54 106 142
54 106 255
54 121 0
54 121 54
54 121 69
54 121 81
54 121 93
54 121 106
54 121 121
54 121 142
54 121 255
54 142 0
54 142 54
54 142 69
54 142 81
54 142 93
54 142 106
54 142 121
54 142 142
54 142 255
54 255 0
54 255 54
54 255 69
54 255 81
54 255 93
54 255 106
54 255 121
54 255 142
54 255 255
69 0 0
69 0 54
69 0 69
69 0 81
69 0 93
69 0 106
69 0 121
69 0 142
69 0 255
69 54 0
69 54 54
69 54 69
69 54 81
69 54 93
69 54 106
69 54 121
69 54 142
69 54 255
69 69 0
51 51 40
51 51 51
69 69 81
50 50 110
30 30 139
60 60 134
69 69 142
69 69 255
69 81 0
69 81 54
69 81 69
69 81 81
61 81 101
42 75 131
69 81 121
69 81 142
69 81 255
69 93 0
69 93 54
45 113 45
58 103 81
69 93 93
69 93 106
21 97 255
55 91 255
69 93 255
69 106 0
69 106 54
69 106 69
30 138 73
69 106 93
69 106 106
21 121 255
69 106 142
69 106 255
69 121 0
69 121 54
69 121 69
69 121 81
69 121 93
69 121 106
69 121 121
69 121 142
69 121 255
69 142 0
69 142 54
69 142 69
69 142 81
69 142 93
69 142 106
69 142 121
69 142 142
69 142 255
69 255 0
69 255 54
69 255 69
69 255 81
69 255 93
69 255 106
69 255 121
69 255 142
69 255 255
81 0 0
81 0 54
81 0 69
81 0 81
81 0 93
81 0 106
81 0 121
81 0 142
81 0 255
81 54 0
81 54 54
81 54 69
81 54 81
81 54 93
81 54 106
81 54 121
81 54 142
81 54 255
81 69 0
81 69 54
62 51 51
81 69 81
81 69 93
75 41 133
77 60 134
75 57 181
81 69 255
81 81 0
81 81 54
62 62 51
62 62 62
81 81 93
66 66 126
81 81 121
73 73 168
81 81 255
81 93 0
81 93 54
81 93 69
72 102 72
81 93 93
74 93 115
55 91 255
69 87 255
81 93 255
81 106 0
81 106 54
81 106 69
63 130 63
72 117 93
81 106 106
55 117 255
69 109 255
81 106 255
81 121 0
81 121 54
81 121 69
81 121 81
81 121 93
81 121 106
81 121 121
81 121 142
81 121 255
81 142 0
81 142 54
81 142 69
81 142 81
81 142 93
81 142 106
81 142 121
81 142 142
81 142 255
81 255 0
81 255 54
81 255 69
81 255 81
81 255 93
81 255 106
81 255 121
81 255 142
81 255 255
93 0 0
93 0 54
93 0 69
93 0 81
93 0 93
93 0 106
93 0 121
93 0 142
93 0 255
93 54 0
93 54 54
93 54 69
93 54 81
93 54 93
93 54 106
93 54 121
93 54 142
93 54 255
93 69 0
93 69 54
93 69 69
93 69 81
93 69 93
93 69 106
93 69 121
93 69 142
93 69 255
93 81 0
93 81 54
93 81 69
93 81 81
93 81 93
93 81 106
93 81 121
93 81 142
93 81 255
93 93 0
93 93 54
93 93 69
74 74 62
74 74 74
86 86 115
69 69 255
93 93 142
93 93 255
93 106 0
93 106 54
93 106 69
93 117 73
84 117 84
74 88 88
69 109 255
82 106 255
93 106 255
93 121 0
93 121 54
93 121 69
93 121 81
76 158 76
93 121 106
93 121 121
82 128 255
93 121 255
93 142 0
93 142 54
93 142 69
93 142 81
93 142 93
93 142 106
93 142 121
93 142 142
93 142 255
93 255 0
93 255 54
93 255 69
93 255 81
93 255 93
93 255 106
93 255 121
93 255 142
93 255 255
106 0 0
106 0 54
106 0 69
106 0 81
106 0 93
106 0 106
106 0 121
106 0 142
106 0 255
106 54 0
106 54 54
106 54 69
106 54 81
106 54 93
106 54 106
106 54 121
106 54 142
106 54 255
106 69 0
121 62 0
135 36 36
106 69 81
141 0 101
106 69 106
106 69 121
106 69 142
106 69 255
106 81 0
106 81 54
129 75 45
124 67 67
135 59 93
116 73 116
106 81 121
106 81 142
106 81 255
106 93 0
106 93 54
106 93 69
114 93 74
88 74 74
111 89 111
88 74 106
106 93 142
106 93 255
106 106 0
106 106 54
106 106 69
106 106 81
88 88 74
88 88 88
98 98 133
94 98 255
106 106 255
106 121 0
106 121 54
106 121 69
106 121 81
106 121 93
96 135 96
106 121 121
94 124 255
106 125 255
106 142 0
106 142 54
106 142 69
106 142 81
106 142 93
106 142 106
106 142 121
106 142 142
106 142 255
106 255 0
106 255 54
106 255 69
106 255 81
106 255 93
106 255 106
106 255 121
106 255 142
106 255 255
121 0 0
121 0 54
121 0 69
121 0 81
121 0 93
121 0 106
121 0 121
121 0 142
121 0 255
121 54 0
121 54 54
121 54 69
121 54 81
142 0 96
121 54 106
121 54 121
121 54 142
121 54 255
121 69 0
121 69 54
121 69 69
121 69 81
150 50 93
121 69 106
121 69 121
121 69 142
121 69 255
121 81 0
121 81 54
255 69 21
172 58 58
161 61 87
255 54 115
121 81 121
121 81 142
121 81 255
121 93 0
121 93 54
121 93 69
157 87 63
147 80 80
255 69 106
121 93 121
121 93 142
121 93 255
121 106 0
121 106 54
121 106 69
121 106 81
132 106 86
132 98 98
133 98 133
121 98 166
121 106 255
121 121 0
121 121 54
121 121 69
121 121 81
121 121 93
121 121 106
106 106 106
107 110 255
121 121 255
121 142 0
121 142 54
121 142 69
121 142 81
121 142 93
121 150 103
110 172 110
107 194 194
121 144 255
121 255 0
121 255 54
121 255 69
121 255 81
121 255 93
121 255 106
121 255 121
121 255 142
121 255 255
142 0 0
142 0 54
142 0 69
142 0 81
142 0 93
142 0 106
142 0 121
142 0 142
142 0 255
142 54 0
142 54 54
142 54 69
142 54 81
255 21 93
255 21 111
142 54 121
142 54 142
142 54 255
142 69 0
142 69 54
142 69 69
142 69 81
255 55 91
255 55 109
142 69 121
142 69 142
142 69 255
142 81 0
142 81 54
142 81 69
142 81 81
143 81 93
255 69 106
255 69 130
142 81 142
142 81 255
142 93 0
142 93 54
142 93 69
142 93 81
142 93 93
153 89 104
255 82 127
255 82 203
142 93 255
142 106 0
142 106 54
142 106 69
142 106 81
255 102 82
255 94 94
255 93 121
255 94 255
142 106 255
142 121 0
142 121 54
255 132 55
255 130 69
181 126 84
163 121 98
163 112 112
255 107 255
142 121 255
142 142 0
142 142 54
203 255 55
203 255 69
203 255 82
168 168 98
152 152 116
130 130 130
142 145 255
142 255 0
142 255 54
142 255 69
142 255 81
142 255 93
142 255 106
142 255 121
142 255 142
142 255 255
255 0 0
255 0 54
255 0 69
255 0 81
255 0 93
255 0 106
255 0 121
255 0 142
255 0 255
255 54 0
255 54 54
255 54 69
255 54 81
255 54 93
255 54 106
255 54 121
255 54 142
255 54 255
255 69 0
255 69 54
255 69 69
255 69 81
255 69 93
255 69 106
255 69 121
255 69 142
255 69 255
255 81 0
255 81 54
255 81 69
255 81 81
255 81 93
255 81 106
255 81 121
255 81 142
255 81 255
255 93 0
255 93 54
255 93 69
255 93 81
255 93 93
255 93 106
255 93 121
255 93 142
255 93 255
255 106 0
255 106 54
255 106 69
255 106 81
255 106 93
255 106 106
255 106 121
255 106 142
255 106 255
255 121 0
255 121 54
255 121 69
255 121 81
255 121 93
255 121 106
255 121 121
255 121 142
255 121 255
255 142 0
255 142 54
255 142 69
255 141 81
255 142 93
255 142 106
255 142 121
255 142 142
255 142 255
255 255 0
255 255 54
255 255 69
255 255 81
255 255 93
255 255 106
255 255 121
255 255 142
255 255 255
