0 0 0
0 0 74
0 0 112
0 0 148
0 0 183
0 0 218
0 0 252
0 0 255
0 0 255
0 74 0
0 74 32
0 32 112
0 32 148
0 32 183
0 32 218
0 32 252
0 32 255
0 32 255
0 112 0
0 112 32
0 112 64
0 64 148
0 64 183
0 64 218
0 64 252
0 64 255
0 64 255
0 148 0
0 148 32
0 148 64
0 148 96
0 96 183
0 96 218
0 96 252
0 96 255
0 96 255
0 183 0
0 183 32
0 183 64
0 183 96
0 183 128
0 128 218
0 128 252
0 128 255
0 128 255
0 218 0
0 218 32
0 218 64
0 218 96
0 218 128
0 218 160
0 160 252
0 160 255
0 160 255
0 252 0
0 252 32
0 252 64
0 252 96
0 252 128
0 252 160
0 252 192
0 192 255
0 192 255
0 255 0
0 255 32
0 255 64
0 255 96
0 255 128
0 255 160
0 255 192
0 255 224
0 224 255
0 255 0
0 255 32
0 255 64
0 255 96
0 255 128
0 255 160
0 255 192
0 255 224
0 255 255
74 0 0
74 0 32
32 0 112
32 0 148
32 0 183
32 0 218
32 0 252
32 0 255
32 0 255
74 32 0
32 32 32
0 32 106
0 32 144
0 32 180
0 32 215
0 32 250
0 32 255
0 32 255
32 112 0
0 106 32
0 106 64
0 64 144
0 64 180
0 64 215
0 64 250
0 64 255
0 64 255
32 148 0
0 144 32
0 144 64
0 144 96
0 96 180
0 96 215
0 96 250
0 96 255
0 96 255
32 183 0
0 180 32
0 180 64
0 180 96
0 180 128
0 128 215
0 128 250
0 128 255
0 128 255
32 218 0
0 215 32
0 215 64
0 215 96
0 215 128
0 215 160
0 160 250
0 160 255
0 160 255
32 252 0
0 250 32
0 250 64
0 250 96
0 250 128
0 250 160
0 250 192
0 192 255
0 192 255
32 255 0
0 255 32
0 255 64
0 255 96
0 255 128
0 255 160
0 255 192
0 255 224
0 224 255
32 255 0
0 255 32
0 255 64
0 255 96
0 255 128
0 255 160
0 255 192
0 255 224
0 255 255
112 0 0
112 0 32
112 0 64
64 0 148
64 0 183
64 0 218
64 0 252
64 0 255
64 0 255
112 32 0
106 0 32
106 0 64
64 0 144
64 0 180
64 0 215
64 0 250
64 0 255
64 0 255
112 64 0
61 26 0
26 26 26
22 64 138
0 24 224
0 4 255
0 43 255
6 64 255
4 64 255
64 148 0
64 144 0
22 138 64
22 138 96
0 96 200
0 79 255
8 96 247
6 96 255
4 96 255
64 183 0
64 180 0
0 232 17
0 206 96
15 176 128
11 128 212
0 138 255
0 121 255
4 127 255
64 218 0
64 215 0
11 212 64
0 255 75
11 212 128
11 212 160
0 191 255
6 160 255
4 160 255
64 252 0
64 250 0
8 247 64
8 247 96
8 247 128
8 247 160
8 247 192
6 192 255
4 192 255
64 255 0
64 255 0
6 255 64
6 255 96
6 255 128
6 255 160
6 255 192
6 255 224
4 224 255
64 255 0
64 255 0
4 255 64
4 255 96
4 255 128
4 255 160
4 255 192
4 255 224
4 255 255
148 0 0
148 0 32
148 0 64
148 0 96
96 0 183
96 0 218
96 0 252
96 0 255
96 0 255
148 32 0
144 0 32
144 0 64
144 0 96
96 0 180
96 0 215
96 0 250
96 0 255
96 0 255
148 64 0
144 64 0
85 0 26
138 22 96
96 15 176
79 0 255
85 0 255
80 0 255
96 4 255
148 96 0
144 96 0
85 47 0
47 47 47
54 96 170
0 56 255
43 96 244
16 75 255
38 96 255
96 183 0
96 180 0
96 176 15
21 201 72
54 170 128
24 128 232
0 121 255
5 112 255
38 128 255
96 218 0
96 215 0
96 212 11
0 255 49
18 238 128
47 208 160
0 183 255
5 167 255
38 160 255
96 252 0
96 250 0
96 247 8
43 244 96
43 244 128
43 244 160
43 244 192
40 192 255
38 192 255
96 255 0
96 255 0
96 255 6
40 255 96
40 255 128
40 255 160
40 255 192
40 255 224
38 224 255
96 255 0
96 255 0
96 255 4
38 255 96
38 255 128
38 255 160
38 255 192
38 255 224
38 255 255
183 0 0
183 0 32
183 0 64
183 0 96
183 0 128
128 0 218
128 0 252
128 0 255
128 0 255
183 32 0
180 0 32
180 0 64
180 0 96
180 0 128
128 0 215
128 0 250
128 0 255
128 0 255
183 64 0
180 64 0
176 15 64
176 15 96
176 15 128
128 11 212
128 8 247
128 6 255
128 4 255
183 96 0
180 96 0
176 96 15
170 54 96
170 54 128
128 47 208
128 43 244
128 40 255
128 38 255
183 128 0
180 128 0
176 128 15
118 77 5
77 77 77
58 108 229
5 65 255
75 128 255
72 128 255
128 218 0
128 215 0
128 212 11
128 236 19
53 233 104
33 158 115
5 167 255
39 160 255
72 160 255
128 252 0
128 250 0
128 247 8
128 244 43
23 255 81
79 240 160
79 240 192
39 204 255
72 192 255
128 255 0
128 255 0
128 255 6
128 255 40
75 255 128
75 255 160
75 255 192
75 255 224
72 224 255
128 255 0
128 255 0
128 255 4
128 255 38
72 255 128
72 255 160
72 255 192
72 255 224
72 255 255
218 0 0
218 0 32
218 0 64
218 0 96
218 0 128
218 0 160
160 0 252
160 0 255
160 0 255
218 32 0
215 0 32
215 0 64
215 0 96
215 0 128
215 0 160
160 0 250
160 0 255
160 0 255
218 64 0
252 48 0
255 0 8
212 11 96
255 0 148
212 11 160
160 8 247
160 6 255
160 4 255
218 96 0
215 96 0
255 80 0
253 2 59
255 0 127
234 21 181
160 43 244
160 40 255
160 38 255
218 128 0
215 128 0
212 128 11
230 127 24
158 33 77
216 70 170
115 26 209
160 75 255
160 72 255
218 160 0
215 160 0
212 160 11
208 160 47
158 115 33
115 115 115
90 140 255
73 139 255
107 160 255
160 252 0
160 250 0
160 247 8
160 244 43
160 240 79
85 255 136
118 234 192
73 197 255
107 198 255
160 255 0
160 255 0
160 255 6
160 255 40
160 255 75
111 255 160
111 255 192
111 255 224
107 224 255
160 255 0
160 255 0
160 255 4
160 255 38
160 255 72
107 255 160
107 255 192
107 255 224
107 255 255
252 0 0
252 0 32
252 0 64
252 0 96
252 0 128
252 0 160
252 0 192
192 0 255
192 0 255
252 32 0
250 0 32
250 0 64
250 0 96
255 0 134
250 0 160
250 0 192
192 0 255
192 0 255
252 64 0
250 64 0
247 8 64
247 8 96
255 0 128
247 8 160
247 8 192
192 6 255
192 4 255
252 96 0
250 96 0
255 64 0
255 0 40
255 0 111
255 0 180
244 43 192
192 40 255
192 38 255
252 128 0
250 128 0
247 128 8
255 112 0
255 34 91
255 4 159
240 79 192
192 75 255
192 72 255
252 160 0
250 160 0
247 160 8
244 160 43
255 159 56
255 92 141
255 92 211
191 85 255
192 107 255
252 192 0
250 192 0
247 192 8
244 192 43
240 192 79
234 192 118
159 159 159
109 169 255
144 192 255
192 255 0
192 255 0
192 255 6
192 255 40
192 255 75
192 255 101
117 255 168
110 255 253
144 226 255
192 255 0
192 255 0
192 255 4
192 255 38
192 255 72
192 255 107
144 255 192
144 255 224
144 255 255
255 0 0
255 0 32
255 0 64
255 0 96
255 0 128
255 0 160
255 0 192
255 0 224
224 0 255
255 32 0
255 0 32
255 0 64
255 0 96
255 0 128
255 0 170
255 0 192
255 0 224
224 0 255
255 64 0
255 64 0
255 6 64
255 6 96
255 0 121
255 0 166
255 6 192
255 6 224
224 4 255
255 96 0
255 96 0
255 96 6
255 40 96
255 38 127
255 5 160
255 5 207
255 40 224
224 38 255
255 128 0
255 128 0
255 128 6
255 128 40
255 75 128
255 62 156
255 39 202
255 39 254
224 72 255
255 160 0
255 160 0
255 160 6
255 160 40
255 149 39
255 73 129
255 72 191
255 73 255
224 107 255
255 192 0
255 192 0
255 210 0
255 207 5
255 200 45
255 191 88
255 124 173
255 109 255
224 144 255
255 224 0
255 224 0
254 255 0
254 255 5
254 255 39
255 245 85
255 234 134
207 207 207
182 227 255
224 255 0
224 255 0
224 255 4
224 255 38
224 255 72
224 255 107
224 255 144
182 255 224
182 255 255
255 0 0
255 0 32
255 0 64
255 0 96
255 0 128
255 0 160
255 0 192
255 0 224
255 0 255
255 32 0
255 0 32
255 0 64
255 0 96
255 0 128
255 0 160
255 0 192
255 0 224
255 0 255
255 64 0
255 64 0
255 4 64
255 4 96
255 4 128
255 4 159
255 4 192
255 4 224
255 4 255
255 96 0
255 96 0
255 96 4
255 38 96
255 38 128
255 38 160
255 38 192
255 38 224
255 38 255
255 128 0
255 128 0
255 128 4
255 128 38
255 72 128
255 72 160
255 72 192
255 72 224
255 72 255
255 160 0
255 160 0
255 160 4
255 160 38
255 160 72
255 107 160
255 107 192
255 107 224
255 107 255
255 192 0
255 192 0
255 192 4
255 192 38
255 192 72
255 192 107
255 144 192
255 144 224
255 144 255
255 224 0
255 224 0
255 224 4
255 223 38
255 224 72
255 224 107
255 224 144
255 182 224
255 182 255
255 255 0
255 255 0
255 255 4
255 255 38
255 255 72
255 255 107
255 255 144
255 255 182
255 255 255
