0 0 0
0 0 27
0 0 63
0 0 100
0 0 137
0 0 173
0 0 207
0 0 236
0 0 255
0 27 0
0 27 27
0 27 63
0 27 100
0 27 137
0 27 173
0 27 207
0 27 236
0 27 255
0 63 0
0 63 27
0 63 63
0 63 100
0 63 137
0 63 173
0 63 207
0 63 236
0 63 255
0 100 0
0 100 27
0 100 63
0 100 100
0 100 137
0 100 173
0 100 207
0 100 236
0 100 255
0 137 0
0 137 27
0 137 63
0 137 100
0 137 137
0 137 173
0 137 207
0 137 236
0 137 255
0 173 0
0 173 27
0 173 63
0 173 100
0 173 137
0 173 173
0 173 207
0 173 236
0 173 255
0 207 0
0 207 27
0 207 63
0 207 100
0 207 137
0 207 173
0 207 207
0 207 236
0 207 255
0 236 0
0 236 27
0 236 63
0 236 100
0 236 137
0 236 173
0 236 207
0 236 236
0 236 255
0 255 0
0 255 27
0 255 63
0 255 100
0 255 137
0 255 173
0 255 207
0 255 236
0 255 255
27 0 0
27 0 27
27 0 63
27 0 100
27 0 137
27 0 173
27 0 207
27 0 236
27 0 255
27 27 0
27 27 27
27 27 63
27 27 100
27 27 137
27 27 173
27 27 207
27 27 236
27 27 255
27 63 0
27 63 27
27 63 63
27 63 100
27 63 137
27 63 173
27 63 207
27 63 236
27 63 255
27 100 0
27 100 27
27 100 63
27 100 100
27 100 137
27 100 173
27 100 207
27 100 236
27 100 255
27 137 0
27 137 27
27 137 63
27 137 100
27 137 137
27 137 173
27 137 207
27 137 236
27 137 255
27 173 0
27 173 27
27 173 63
27 173 100
27 173 137
27 173 173
27 173 207
27 173 236
27 173 255
27 207 0
27 207 27
27 207 63
27 207 100
27 207 137
27 207 173
27 207 207
27 207 236
27 207 255
27 236 0
27 236 27
27 236 63
27 236 100
27 236 137
27 236 173
27 236 207
27 236 236
27 236 255
27 255 0
27 255 27
27 255 63
27 255 100
27 255 137
27 255 173
27 255 207
27 255 236
27 255 255
63 0 0
63 0 27
63 0 63
63 0 100
63 0 137
63 0 173
63 0 207
63 0 236
63 0 255
63 27 0
63 27 27
63 27 63
63 27 100
63 27 137
63 27 173
63 27 207
63 27 236
63 27 255
63 63 0
21 21 8
21 21 21
63 63 100
19 19 182
2 2 232
39 39 226
63 63 236
63 63 255
63 100 0
63 100 27
63 100 63
63 100 100
41 100 158
10 80 223
63 100 207
63 100 236
63 100 255
63 137 0
63 137 27
13 189 13
36 164 100
63 137 137
63 137 173
0 148 255
29 129 255
63 136 255
63 173 0
63 173 27
63 173 63
2 232 75
63 173 137
63 173 173
0 206 255
63 173 236
63 173 255
63 207 0
63 207 27
63 207 63
63 207 100
63 207 137
63 207 173
63 207 207
63 207 236
63 207 255
63 236 0
63 236 27
63 236 63
63 236 100
63 236 137
63 236 173
63 236 207
63 236 236
63 236 255
63 255 0
63 255 27
63 255 63
63 255 100
63 255 137
63 255 173
63 255 207
63 255 236
63 255 255
100 0 0
100 0 27
100 0 63
100 0 100
100 0 137
100 0 173
100 0 207
100 0 236
100 0 255
100 27 0
100 27 27
100 27 63
100 27 100
100 27 137
100 27 173
100 27 207
100 27 236
100 27 255
100 63 0
100 63 27
43 21 21
100 63 100
100 63 137
80 9 225
87 39 226
81 34 253
100 63 255
100 100 0
100 100 27
43 43 21
43 43 43
100 100 137
53 53 214
100 100 207
75 75 250
100 100 255
100 137 0
100 137 27
100 137 63
72 163 72
100 137 137
77 137 193
29 129 255
64 118 255
100 137 255
100 173 0
100 173 27
100 173 63
46 221 46
72 198 137
100 173 173
29 197 255
64 181 255
100 173 255
100 207 0
100 207 27
100 207 63
100 207 100
100 207 137
100 207 173
100 207 207
100 207 236
100 207 255
100 236 0
100 236 27
100 236 63
100 236 100
100 236 137
100 236 173
100 236 207
100 236 236
100 236 255
100 255 0
100 255 27
100 255 63
100 255 100
100 255 137
100 255 173
100 255 207
100 255 236
100 255 255
137 0 0
137 0 27
137 0 63
137 0 100
137 0 137
137 0 173
137 0 207
137 0 236
137 0 255
137 27 0
137 27 27
137 27 63
137 27 100
137 27 137
137 27 173
137 27 207
137 27 236
137 27 255
137 63 0
137 63 27
137 63 63
137 63 100
137 63 137
137 63 173
137 63 207
137 63 236
137 63 255
137 100 0
137 100 27
137 100 63
137 100 100
137 100 137
137 100 173
137 100 207
137 100 236
137 100 255
137 137 0
137 137 27
137 137 63
77 77 43
77 77 77
114 114 194
64 64 255
137 137 236
137 137 255
137 173 0
137 173 27
137 173 63
137 197 73
109 197 109
77 122 122
64 181 255
101 173 255
137 173 255
137 207 0
137 207 27
137 207 63
137 207 100
82 247 82
137 207 173
137 207 207
101 218 255
137 207 255
137 236 0
137 236 27
137 236 63
137 236 100
137 236 137
137 236 173
137 236 207
137 236 236
137 236 255
137 255 0
137 255 27
137 255 63
137 255 100
137 255 137
137 255 173
137 255 207
137 255 236
137 255 255
173 0 0
173 0 27
173 0 63
173 0 100
173 0 137
173 0 173
173 0 207
173 0 236
173 0 255
173 27 0
173 27 27
173 27 63
173 27 100
173 27 137
173 27 173
173 27 207
173 27 236
173 27 255
173 63 0
207 45 0
228 5 5
173 63 100
235 0 160
173 63 173
173 63 207
173 63 236
173 63 255
173 100 0
173 100 27
220 81 13
211 57 57
227 37 136
195 75 195
173 100 207
173 100 236
173 100 255
173 137 0
173 137 27
173 137 63
192 136 77
122 77 77
184 124 184
122 77 172
173 137 236
173 137 255
173 173 0
173 173 27
173 173 63
173 173 100
122 122 77
122 122 122
151 151 225
138 149 255
173 173 255
173 207 0
173 207 27
173 207 63
173 207 100
173 207 137
146 228 146
173 207 207
138 211 255
173 212 255
173 236 0
173 236 27
173 236 63
173 236 100
173 236 137
173 236 173
173 236 207
173 236 236
173 236 255
173 255 0
173 255 27
173 255 63
173 255 100
173 255 137
173 255 173
173 255 207
173 255 236
173 255 255
207 0 0
207 0 27
207 0 63
207 0 100
207 0 137
207 0 173
207 0 207
207 0 236
207 0 255
207 27 0
207 27 27
207 27 63
207 27 100
236 0 144
207 27 173
207 27 207
207 27 236
207 27 255
207 63 0
207 63 27
207 63 63
207 63 100
242 19 137
207 63 173
207 63 207
207 63 236
207 63 255
207 100 0
207 100 27
255 63 0
251 36 36
248 42 117
255 27 194
207 100 207
207 100 236
207 100 255
207 137 0
207 137 27
207 137 63
246 118 46
240 94 94
255 63 172
207 137 207
207 137 236
207 137 255
207 173 0
207 173 27
207 173 63
207 173 100
224 172 115
224 152 152
225 152 225
206 149 250
207 173 255
207 207 0
207 207 27
207 207 63
207 207 100
207 207 137
207 207 173
172 172 172
174 183 255
207 207 255
207 236 0
207 236 27
207 236 63
207 236 100
207 236 137
207 242 164
182 251 182
175 254 254
207 237 255
207 255 0
207 255 27
207 255 63
207 255 100
207 255 137
207 255 173
207 255 207
207 255 236
207 255 255
236 0 0
236 0 27
236 0 63
236 0 100
236 0 137
236 0 173
236 0 207
236 0 236
236 0 255
236 27 0
236 27 27
236 27 63
236 27 100
255 0 137
255 0 184
236 27 207
236 27 236
236 27 255
236 63 0
236 63 27
236 63 63
236 63 100
255 29 129
255 29 179
236 63 207
236 63 236
236 63 255
236 100 0
236 100 27
236 100 63
236 100 100
236 97 136
255 64 173
255 64 221
236 100 236
236 100 255
236 137 0
236 137 27
236 137 63
236 137 100
236 137 137
244 124 168
255 101 216
255 101 254
236 137 255
236 173 0
236 173 27
236 173 63
236 173 100
255 161 101
255 138 138
255 137 206
255 138 255
236 173 255
236 207 0
236 207 27
255 224 29
255 221 64
253 214 107
249 206 152
249 187 187
255 174 255
236 207 255
236 236 0
236 236 27
254 255 29
254 255 64
254 255 101
250 250 149
243 243 195
221 221 221
236 238 255
236 255 0
236 255 27
236 255 63
236 255 100
236 255 137
236 255 173
236 255 207
236 255 236
236 255 255
255 0 0
255 0 27
255 0 63
255 0 100
255 0 137
255 0 173
255 0 207
255 0 236
255 0 255
255 27 0
255 27 27
255 27 63
255 27 100
255 27 137
255 27 173
255 27 207
255 27 236
255 27 255
255 63 0
255 63 27
255 63 63
255 63 100
255 63 137
255 63 172
255 63 207
255 63 236
255 63 255
255 100 0
255 100 27
255 100 63
255 100 100
255 100 137
255 100 173
255 100 207
255 100 236
255 100 255
255 137 0
255 137 27
255 137 63
255 137 100
255 137 137
255 137 173
255 137 207
255 137 236
255 137 255
255 173 0
255 173 27
255 173 63
255 173 100
255 173 137
255 173 173
255 173 207
255 173 236
255 173 255
255 207 0
255 207 27
255 207 63
255 207 100
255 207 137
255 207 173
255 207 207
255 207 236
255 207 255
255 236 0
255 236 27
255 236 63
255 235 100
255 236 137
255 236 173
255 236 207
255 236 236
255 236 255
255 255 0
255 255 27
255 255 63
255 255 100
255 255 137
255 255 173
255 255 207
255 255 236
255 255 255
