0 0 0
0 0 43
0 0 77
0 0 107
0 0 136
0 0 165
0 0 193
0 0 223
0 0 255
0 43 0
0 43 43
0 43 77
0 43 107
0 43 136
0 43 165
0 43 193
0 43 223
0 43 255
0 77 0
0 77 43
0 77 77
0 77 107
0 77 136
0 77 165
0 77 193
0 77 223
0 77 255
0 107 0
0 107 43
0 107 77
0 107 107
0 107 136
0 107 165
0 107 193
0 107 223
0 107 255
0 136 0
0 136 43
0 136 77
0 136 107
0 136 136
0 136 165
0 136 193
0 136 223
0 136 255
0 165 0
0 165 43
0 165 77
0 165 107
0 165 136
0 165 165
0 165 193
0 165 223
0 165 255
0 193 0
0 193 43
0 193 77
0 193 107
0 193 136
0 193 165
0 193 193
0 193 223
0 193 255
0 223 0
0 223 43
0 223 77
0 223 107
0 223 136
0 223 165
0 223 193
0 223 223
0 223 255
0 255 0
0 255 43
0 255 77
0 255 107
0 255 136
0 255 165
0 255 193
0 255 223
0 255 255
43 0 0
43 0 43
43 0 77
43 0 107
43 0 136
43 0 165
43 0 193
43 0 223
43 0 255
43 43 0
43 43 43
43 43 77
43 43 107
43 43 136
43 43 165
43 43 193
43 43 223
43 43 255
43 77 0
43 77 43
43 77 77
43 77 107
43 77 136
43 77 165
43 77 193
43 77 223
43 77 255
43 107 0
43 107 43
43 107 77
43 107 107
43 107 136
43 107 165
43 107 193
43 107 223
43 107 255
43 136 0
43 136 43
43 136 77
43 136 107
43 136 136
43 136 165
43 136 193
43 136 223
43 136 255
43 165 0
43 165 43
43 165 77
43 165 107
43 165 136
43 165 165
43 165 193
43 165 223
43 165 255
43 193 0
43 193 43
43 193 77
43 193 107
43 193 136
43 193 165
43 193 193
43 193 223
43 193 255
43 223 0
43 223 43
43 223 77
43 223 107
43 223 136
43 223 165
43 223 193
43 223 223
43 223 255
43 255 0
43 255 43
43 255 77
43 255 107
43 255 136
43 255 165
43 255 193
43 255 223
43 255 255
77 0 0
77 0 43
77 0 77
77 0 107
77 0 136
77 0 165
77 0 193
77 0 223
77 0 255
77 43 0
77 43 43
77 43 77
77 43 107
77 43 136
77 43 165
77 43 193
77 43 223
77 43 255
77 77 0
37 37 19
37 37 37
77 77 107
34 34 172
8 8 219
55 55 212
77 77 223
77 77 255
77 107 0
77 107 43
77 107 77
77 107 107
57 107 153
22 91 209
77 107 193
77 107 223
77 107 255
77 136 0
77 136 43
26 178 26
52 158 107
77 136 136
77 136 165
2 145 255
44 130 255
77 135 255
77 165 0
77 165 43
77 165 77
8 218 87
77 165 136
77 165 165
2 192 255
77 165 223
77 165 255
77 193 0
77 193 43
77 193 77
77 193 107
77 193 136
77 193 165
77 193 193
77 193 223
77 193 255
77 223 0
77 223 43
77 223 77
77 223 107
77 223 136
77 223 165
77 223 193
77 223 223
77 223 255
77 255 0
77 255 43
77 255 77
77 255 107
77 255 136
77 255 165
77 255 193
77 255 223
77 255 255
107 0 0
107 0 43
107 0 77
107 0 107
107 0 136
107 0 165
107 0 193
107 0 223
107 0 255
107 43 0
107 43 43
107 43 77
107 43 107
107 43 136
107 43 165
107 43 193
107 43 223
107 43 255
107 77 0
107 77 43
59 37 37
107 77 107
107 77 136
91 21 211
97 55 212
92 50 248
107 77 255
107 107 0
107 107 43
59 59 37
59 59 59
107 107 136
69 69 201
107 107 193
87 87 243
107 107 255
107 136 0
107 136 43
107 136 77
84 157 84
107 136 136
89 136 182
44 130 255
78 122 255
107 136 255
107 165 0
107 165 43
107 165 77
62 207 62
84 186 136
107 165 165
44 185 255
78 171 255
107 165 255
107 193 0
107 193 43
107 193 77
107 193 107
107 193 136
107 193 165
107 193 193
107 193 223
107 193 255
107 223 0
107 223 43
107 223 77
107 223 107
107 223 136
107 223 165
107 223 193
107 223 223
107 223 255
107 255 0
107 255 43
107 255 77
107 255 107
107 255 136
107 255 165
107 255 193
107 255 223
107 255 255
136 0 0
136 0 43
136 0 77
136 0 107
136 0 136
136 0 165
136 0 193
136 0 223
136 0 255
136 43 0
136 43 43
136 43 77
136 43 107
136 43 136
136 43 165
136 43 193
136 43 223
136 43 255
136 77 0
136 77 43
136 77 77
136 77 107
136 77 136
136 77 165
136 77 193
136 77 223
136 77 255
136 107 0
136 107 43
136 107 77
136 107 107
136 107 136
136 107 165
136 107 193
136 107 223
136 107 255
136 136 0
136 136 43
136 136 77
89 89 59
89 89 89
118 118 183
78 78 255
136 136 223
136 136 255
136 165 0
136 165 43
136 165 77
136 185 85
115 185 115
89 125 125
78 171 255
108 165 255
136 165 255
136 193 0
136 193 43
136 193 77
136 193 107
93 237 93
136 193 165
136 193 193
108 204 255
136 193 255
136 223 0
136 223 43
136 223 77
136 223 107
136 223 136
136 223 165
136 223 193
136 223 223
136 223 255
136 255 0
136 255 43
136 255 77
136 255 107
136 255 136
136 255 165
136 255 193
136 255 223
136 255 255
165 0 0
165 0 43
165 0 77
165 0 107
165 0 136
165 0 165
165 0 193
165 0 223
165 0 255
165 43 0
165 43 43
165 43 77
165 43 107
165 43 136
165 43 165
165 43 193
165 43 223
165 43 255
165 77 0
193 60 0
214 14 14
165 77 107
222 0 154
165 77 165
165 77 193
165 77 223
165 77 255
165 107 0
165 107 43
206 92 26
198 72 72
213 53 135
184 87 184
165 107 193
165 107 223
165 107 255
165 136 0
165 136 43
165 136 77
181 135 89
125 89 89
174 126 174
125 89 164
165 136 223
165 136 255
165 165 0
165 165 43
165 165 77
165 165 107
125 125 89
125 125 125
147 147 211
137 146 255
165 165 255
165 193 0
165 193 43
165 193 77
165 193 107
165 193 136
144 214 144
165 193 193
137 198 255
165 199 255
165 223 0
165 223 43
165 223 77
165 223 107
165 223 136
165 223 165
165 223 193
165 223 223
165 223 255
165 255 0
165 255 43
165 255 77
165 255 107
165 255 136
165 255 165
165 255 193
165 255 223
165 255 255
193 0 0
193 0 43
193 0 77
193 0 107
193 0 136
193 0 165
193 0 193
193 0 223
193 0 255
193 43 0
193 43 43
193 43 77
193 43 107
223 0 142
193 43 165
193 43 193
193 43 223
193 43 255
193 77 0
193 77 43
193 77 77
193 77 107
230 34 136
193 77 165
193 77 193
193 77 223
193 77 255
193 107 0
193 107 43
255 77 2
245 52 52
239 58 121
255 43 183
193 107 193
193 107 223
193 107 255
193 136 0
193 136 43
193 136 77
236 122 62
227 102 102
255 77 164
193 136 193
193 136 223
193 136 255
193 165 0
193 165 43
193 165 77
193 165 107
210 164 119
210 148 148
211 148 211
192 146 242
193 165 255
193 193 0
193 193 43
193 193 77
193 193 107
193 193 136
193 193 165
164 164 164
166 173 255
193 193 255
193 223 0
193 223 43
193 223 77
193 223 107
193 223 136
193 230 158
172 245 172
167 252 252
193 224 255
193 255 0
193 255 43
193 255 77
193 255 107
193 255 136
193 255 165
193 255 193
193 255 223
193 255 255
223 0 0
223 0 43
223 0 77
223 0 107
223 0 136
223 0 165
223 0 193
223 0 223
223 0 255
223 43 0
223 43 43
223 43 77
223 43 107
255 2 136
255 2 174
223 43 193
223 43 223
223 43 255
223 77 0
223 77 43
223 77 77
223 77 107
255 44 130
255 44 170
223 77 193
223 77 223
223 77 255
223 107 0
223 107 43
223 107 77
223 107 107
223 105 135
255 78 165
255 78 207
223 107 223
223 107 255
223 136 0
223 136 43
223 136 77
223 136 107
223 136 136
233 126 161
255 108 202
255 108 253
223 136 255
223 165 0
223 165 43
223 165 77
223 165 107
255 155 108
255 137 137
255 136 192
255 137 255
223 165 255
223 193 0
223 193 43
255 210 44
255 207 78
248 201 113
240 192 148
240 176 176
255 166 255
223 193 255
223 223 0
223 223 43
253 255 44
253 255 78
253 255 108
243 243 146
232 232 184
207 207 207
223 225 255
223 255 0
223 255 43
223 255 77
223 255 107
223 255 136
223 255 165
223 255 193
223 255 223
223 255 255
255 0 0
255 0 43
255 0 77
255 0 107
255 0 136
255 0 165
255 0 193
255 0 223
255 0 255
255 43 0
255 43 43
255 43 77
255 43 107
255 43 136
255 43 165
255 43 193
255 43 223
255 43 255
255 77 0
255 77 43
255 77 77
255 77 107
255 77 136
255 77 164
255 77 193
255 77 223
255 77 255
255 107 0
255 107 43
255 107 77
255 107 107
255 107 136
255 107 165
255 107 193
255 107 223
255 107 255
255 136 0
255 136 43
255 136 77
255 136 107
255 136 136
255 136 165
255 136 193
255 136 223
255 136 255
255 165 0
255 165 43
255 165 77
255 165 107
255 165 136
255 165 165
255 165 193
255 165 223
255 165 255
255 193 0
255 193 43
255 193 77
255 193 107
255 193 136
255 193 165
255 193 193
255 193 223
255 193 255
255 223 0
255 223 43
255 223 77
255 222 107
255 223 136
255 223 165
255 223 193
255 223 223
255 223 255
255 255 0
255 255 43
255 255 77
255 255 107
255 255 136
255 255 165
255 255 193
255 255 223
255 255 255
