0 0 0
0 0 35
0 0 73
0 0 112
0 0 152
0 0 193
0 0 234
0 0 255
0 0 255
0 35 0
0 35 32
0 32 73
0 32 112
0 32 152
0 32 193
0 32 234
0 32 255
0 32 255
0 73 0
0 73 32
0 73 64
0 64 112
0 64 152
0 64 193
0 64 234
0 64 255
0 64 255
0 112 0
0 112 32
0 112 64
0 112 96
0 96 152
0 96 193
0 96 234
0 96 255
0 96 255
0 152 0
0 152 32
0 152 64
0 152 96
0 152 128
0 128 193
0 128 234
0 128 255
0 128 255
0 193 0
0 193 32
0 193 64
0 193 96
0 193 128
0 193 160
0 160 234
0 160 255
0 160 255
0 234 0
0 234 32
0 234 64
0 234 96
0 234 128
0 234 160
0 234 192
0 192 255
0 192 255
0 255 0
0 255 32
0 255 64
0 255 96
0 255 128
0 255 160
0 255 192
0 255 224
0 224 255
0 255 0
0 255 32
0 255 64
0 255 96
0 255 128
0 255 160
0 255 192
0 255 224
0 255 255
35 0 0
35 0 32
32 0 73
32 0 112
32 0 152
32 0 193
32 0 234
32 0 255
32 0 255
35 32 0
32 32 32
28 32 67
23 32 105
16 32 144
7 32 184
0 32 225
0 32 255
0 32 255
32 73 0
28 67 32
28 67 64
23 64 105
16 64 144
7 64 184
0 64 225
0 64 255
0 64 255
32 112 0
23 105 32
23 105 64
23 105 96
16 96 144
7 96 184
0 96 225
0 96 255
0 96 255
32 152 0
16 144 32
16 144 64
16 144 96
16 144 128
7 128 184
0 128 225
0 128 255
0 128 255
32 193 0
7 184 32
7 184 64
7 184 96
7 184 128
7 184 160
0 160 225
0 160 255
0 160 255
32 234 0
0 225 32
0 225 64
0 225 96
0 225 128
0 225 160
0 225 192
0 192 255
0 192 255
32 255 0
0 255 32
0 255 64
0 255 96
0 255 128
0 255 160
0 255 192
0 255 224
0 224 255
32 255 0
0 255 32
0 255 64
0 255 96
0 255 128
0 255 160
0 255 192
0 255 224
0 255 255
73 0 0
73 0 32
73 0 64
64 0 112
64 0 152
64 0 193
64 0 234
64 0 255
64 0 255
73 32 0
67 28 32
67 28 64
64 23 105
64 16 144
64 7 184
64 0 225
64 0 255
64 0 255
73 64 0
27 26 11
26 26 26
60 64 99
0 24 196
0 4 255
7 43 249
31 64 255
21 64 255
64 112 0
64 105 23
60 99 64
60 99 96
27 96 164
0 79 252
39 96 216
31 96 255
21 96 255
64 152 0
64 144 16
0 207 17
20 172 96
55 137 128
48 128 176
0 138 255
0 121 255
21 127 255
64 193 0
64 184 7
48 176 64
0 255 75
48 176 128
48 176 160
0 191 255
31 160 255
21 160 255
64 234 0
64 225 0
39 216 64
39 216 96
39 216 128
39 216 160
39 216 192
31 192 255
21 192 255
64 255 0
64 255 0
31 255 64
31 255 96
31 255 128
31 255 160
31 255 192
31 255 224
21 224 255
64 255 0
64 255 0
21 255 64
21 255 96
21 255 128
21 255 160
21 255 192
21 255 224
21 255 255
112 0 0
112 0 32
112 0 64
112 0 96
96 0 152
96 0 193
96 0 234
96 0 255
96 0 255
112 32 0
105 23 32
105 23 64
105 23 96
96 16 144
96 7 184
96 0 225
96 0 255
96 0 255
112 64 0
105 64 23
48 24 26
99 60 96
96 55 137
79 0 255
85 7 249
80 0 255
96 21 255
112 96 0
105 96 23
48 47 24
47 47 47
92 96 131
27 56 228
80 96 208
39 75 255
63 96 255
96 152 0
96 144 16
96 137 55
59 163 72
92 131 128
59 128 196
0 121 255
23 112 255
63 128 255
96 193 0
96 184 7
96 176 48
16 239 49
52 204 128
87 169 160
0 183 255
23 167 255
63 160 255
96 234 0
96 225 0
96 216 39
80 208 96
80 208 128
80 208 160
80 208 192
71 192 248
63 192 255
96 255 0
96 255 0
96 255 31
71 248 96
71 248 128
71 248 160
71 248 192
71 248 224
63 224 255
96 255 0
96 255 0
96 255 21
63 255 96
63 255 128
63 255 160
63 255 192
63 255 224
63 255 255
152 0 0
152 0 32
152 0 64
152 0 96
152 0 128
128 0 193
128 0 234
128 0 255
128 0 255
152 32 0
144 16 32
144 16 64
144 16 96
144 16 128
128 7 184
128 0 225
128 0 255
128 0 255
152 64 0
144 64 16
137 55 64
137 55 96
137 55 128
128 48 176
128 39 216
128 31 255
128 21 255
152 96 0
144 96 16
137 96 55
131 92 96
131 92 128
128 87 169
128 80 208
128 71 248
128 63 255
152 128 0
144 128 16
137 128 55
80 77 44
77 77 77
97 108 190
23 65 255
112 128 240
104 128 255
128 193 0
128 184 7
128 176 48
128 202 53
91 195 104
72 119 115
23 167 255
64 160 255
104 160 255
128 234 0
128 225 0
128 216 39
128 208 80
48 255 81
119 201 160
119 201 192
64 204 255
104 192 255
128 255 0
128 255 0
128 255 31
128 248 71
112 240 128
112 240 160
112 240 192
112 240 224
104 224 255
128 255 0
128 255 0
128 255 21
128 255 63
104 255 128
104 255 160
104 255 192
104 255 224
104 255 255
193 0 0
193 0 32
193 0 64
193 0 96
193 0 128
193 0 160
160 0 234
160 0 255
160 0 255
193 32 0
184 7 32
184 7 64
184 7 96
184 7 128
184 7 160
160 0 225
160 0 255
160 0 255
193 64 0
234 48 0
255 0 8
176 48 96
255 0 148
176 48 160
160 39 216
160 31 255
160 21 255
193 96 0
184 96 7
247 80 0
223 32 59
251 4 127
199 56 181
160 80 208
160 71 248
160 63 255
193 128 0
184 128 7
176 128 48
195 127 59
119 72 77
177 110 170
115 64 172
160 112 240
160 104 255
193 160 0
184 160 7
176 160 48
169 160 87
119 115 72
115 115 115
129 140 222
105 139 255
144 160 255
160 234 0
160 225 0
160 216 39
160 208 80
160 201 119
123 227 136
156 195 192
105 197 255
144 198 255
160 255 0
160 255 0
160 255 31
160 248 71
160 240 112
151 233 160
151 233 192
151 233 224
144 224 255
160 255 0
160 255 0
160 255 21
160 255 63
160 255 104
144 255 160
144 255 192
144 255 224
144 255 255
234 0 0
234 0 32
234 0 64
234 0 96
234 0 128
234 0 160
234 0 192
192 0 255
192 0 255
234 32 0
225 0 32
225 0 64
225 0 96
255 0 134
225 0 160
225 0 192
192 0 255
192 0 255
234 64 0
225 64 0
216 39 64
216 39 96
255 0 128
216 39 160
216 39 192
192 31 255
192 21 255
234 96 0
225 96 0
255 64 0
255 0 40
255 2 111
255 0 180
208 80 192
192 71 248
192 63 255
234 128 0
225 128 0
216 128 39
255 112 7
255 64 91
255 21 159
201 119 192
192 112 240
192 104 255
234 160 0
225 160 0
216 160 39
208 160 80
227 159 91
220 131 141
221 130 211
191 120 255
192 144 255
234 192 0
225 192 0
216 192 39
208 192 80
201 192 119
195 192 156
159 159 159
145 169 255
183 192 255
192 255 0
192 255 0
192 255 31
192 248 71
192 240 112
192 244 139
155 255 168
147 255 253
183 226 255
192 255 0
192 255 0
192 255 21
192 255 63
192 255 104
192 255 144
183 255 192
183 255 224
183 255 255
255 0 0
255 0 32
255 0 64
255 0 96
255 0 128
255 0 160
255 0 192
255 0 224
224 0 255
255 32 0
255 0 32
255 0 64
255 0 96
255 0 128
255 0 170
255 0 192
255 0 224
224 0 255
255 64 0
255 64 0
255 31 64
255 31 96
255 0 121
255 0 166
255 31 192
255 31 224
224 21 255
255 96 0
255 96 0
255 96 31
248 71 96
250 69 127
255 23 160
255 23 207
248 71 224
224 63 255
255 128 0
255 128 0
255 128 31
248 128 71
240 112 128
255 95 156
255 64 202
255 64 254
224 104 255
255 160 0
255 160 0
255 160 31
248 160 71
255 149 64
255 105 129
255 104 191
255 105 255
224 144 255
255 192 0
255 192 0
255 210 0
255 207 23
255 200 72
255 191 123
252 163 173
255 145 255
224 183 255
255 224 0
255 224 0
254 255 0
254 255 23
254 255 64
255 245 120
241 234 174
207 207 207
220 227 255
224 255 0
224 255 0
224 255 21
224 255 63
224 255 104
224 255 144
224 255 183
220 255 224
220 255 255
255 0 0
255 0 32
255 0 64
255 0 96
255 0 128
255 0 160
255 0 192
255 0 224
255 0 255
255 32 0
255 0 32
255 0 64
255 0 96
255 0 128
255 0 160
255 0 192
255 0 224
255 0 255
255 64 0
255 64 0
255 21 64
255 21 96
255 21 128
255 21 159
255 21 192
255 21 224
255 21 255
255 96 0
255 96 0
255 96 21
255 63 96
255 63 128
255 63 160
255 63 192
255 63 224
255 63 255
255 128 0
255 128 0
255 128 21
255 128 63
255 104 128
255 104 160
255 104 192
255 104 224
255 104 255
255 160 0
255 160 0
255 160 21
255 160 63
255 160 104
255 144 160
255 144 192
255 144 224
255 144 255
255 192 0
255 192 0
255 192 21
255 192 63
255 192 104
255 192 144
255 183 192
255 183 224
255 183 255
255 224 0
255 224 0
255 224 21
255 223 63
255 224 104
255 224 144
255 224 183
255 220 224
255 220 255
255 255 0
255 255 0
255 255 21
255 255 63
255 255 104
255 255 144
255 255 183
255 255 220
255 255 255
