0 0 0
0 0 34
0 0 70
0 0 109
0 0 149
0 0 190
0 0 232
0 0 255
0 0 255
0 34 0
0 34 32
0 32 70
0 32 109
0 32 149
0 32 190
0 32 232
0 32 255
0 32 255
0 70 0
0 70 32
0 70 64
0 64 109
0 64 149
0 64 190
0 64 232
0 64 255
0 64 255
0 109 0
0 109 32
0 109 64
0 109 96
0 96 149
0 96 190
0 96 232
0 96 255
0 96 255
0 149 0
0 149 32
0 149 64
0 149 96
0 149 128
0 128 190
0 128 232
0 128 255
0 128 255
0 190 0
0 190 32
0 190 64
0 190 96
0 190 128
0 190 160
0 160 232
0 160 255
0 160 255
0 232 0
0 232 32
0 232 64
0 232 96
0 232 128
0 232 160
0 232 192
0 192 255
0 192 255
0 255 0
0 255 32
0 255 64
0 255 96
0 255 128
0 255 160
0 255 192
0 255 224
0 224 255
0 255 0
0 255 32
0 255 64
0 255 96
0 255 128
0 255 160
0 255 192
0 255 224
0 255 255
34 0 0
34 0 32
32 0 70
32 0 109
32 0 149
32 0 190
32 0 232
32 0 255
32 0 255
34 32 0
32 32 32
29 32 66
25 32 102
18 32 141
11 32 181
2 32 222
0 32 255
0 32 255
32 70 0
29 66 32
29 66 64
25 64 102
18 64 141
11 64 181
2 64 222
0 64 255
0 64 255
32 109 0
25 102 32
25 102 64
25 102 96
18 96 141
11 96 181
2 96 222
0 96 255
0 96 255
32 149 0
18 141 32
18 141 64
18 141 96
18 141 128
11 128 181
2 128 222
0 128 255
0 128 255
32 190 0
11 181 32
11 181 64
11 181 96
11 181 128
11 181 160
2 160 222
0 160 255
0 160 255
32 232 0
2 222 32
2 222 64
2 222 96
2 222 128
2 222 160
2 222 192
0 192 255
0 192 255
32 255 0
0 255 32
0 255 64
0 255 96
0 255 128
0 255 160
0 255 192
0 255 224
0 224 255
32 255 0
0 255 32
0 255 64
0 255 96
0 255 128
0 255 160
0 255 192
0 255 224
0 255 255
70 0 0
70 0 32
70 0 64
64 0 109
64 0 149
64 0 190
64 0 232
64 0 255
64 0 255
70 32 0
66 29 32
66 29 64
64 25 102
64 18 141
64 11 181
64 2 222
64 0 255
64 0 255
70 64 0
26 26 11
26 26 26
61 64 98
0 24 193
0 4 255
9 43 246
34 64 254
24 64 255
64 109 0
64 102 25
61 98 64
61 98 96
30 96 161
0 79 250
43 96 213
34 96 254
24 96 255
64 149 0
64 141 18
0 204 17
23 169 96
57 134 128
50 128 173
0 138 255
0 121 255
24 127 255
64 190 0
64 181 11
50 173 64
0 255 75
50 173 128
50 173 160
0 191 255
34 160 254
24 160 255
64 232 0
64 222 2
43 213 64
43 213 96
43 213 128
43 213 160
43 213 192
34 192 254
24 192 255
64 255 0
64 255 0
34 254 64
34 254 96
34 254 128
34 254 160
34 254 192
34 254 224
24 224 255
64 255 0
64 255 0
24 255 64
24 255 96
24 255 128
24 255 160
24 255 192
24 255 224
24 255 255
109 0 0
109 0 32
109 0 64
109 0 96
96 0 149
96 0 190
96 0 232
96 0 255
96 0 255
109 32 0
102 25 32
102 25 64
102 25 96
96 18 141
96 11 181
96 2 222
96 0 255
96 0 255
109 64 0
102 64 25
48 25 26
98 61 96
96 57 134
79 0 253
85 9 246
80 0 255
96 24 255
109 96 0
102 96 25
48 47 25
47 47 47
93 96 130
30 56 225
82 96 205
41 75 255
66 96 255
96 149 0
96 141 18
96 134 57
62 160 72
93 130 128
62 128 193
0 121 255
25 112 255
66 128 255
96 190 0
96 181 11
96 173 50
19 236 49
55 201 128
89 166 160
0 183 255
25 167 255
66 160 255
96 232 0
96 222 2
96 213 43
82 205 96
82 205 128
82 205 160
82 205 192
75 192 245
66 192 255
96 255 0
96 255 0
96 254 34
75 245 96
75 245 128
75 245 160
75 245 192
75 245 224
66 224 255
96 255 0
96 255 0
96 255 24
66 255 96
66 255 128
66 255 160
66 255 192
66 255 224
66 255 255
149 0 0
149 0 32
149 0 64
149 0 96
149 0 128
128 0 190
128 0 232
128 0 255
128 0 255
149 32 0
141 18 32
141 18 64
141 18 96
141 18 128
128 11 181
128 2 222
128 0 255
128 0 255
149 64 0
141 64 18
134 57 64
134 57 96
134 57 128
128 50 173
128 43 213
128 34 254
128 24 255
149 96 0
141 96 18
134 96 57
130 93 96
130 93 128
128 89 166
128 82 205
128 75 245
128 66 255
149 128 0
141 128 18
134 128 57
79 77 45
77 77 77
99 108 188
25 65 255
114 128 237
107 128 255
128 190 0
128 181 11
128 173 50
128 199 56
94 192 104
74 118 115
25 167 255
67 160 255
107 160 255
128 232 0
128 222 2
128 213 43
128 205 82
51 255 81
121 198 160
121 198 192
67 204 255
107 192 255
128 255 0
128 255 0
128 254 34
128 245 75
114 237 128
114 237 160
114 237 192
114 237 224
107 224 255
128 255 0
128 255 0
128 255 24
128 255 66
107 255 128
107 255 160
107 255 192
107 255 224
107 255 255
190 0 0
190 0 32
190 0 64
190 0 96
190 0 128
190 0 160
160 0 232
160 0 255
160 0 255
190 32 0
181 11 32
181 11 64
181 11 96
181 11 128
181 11 160
160 2 222
160 0 255
160 0 255
190 64 0
232 48 0
255 0 8
173 50 96
255 0 148
173 50 160
160 43 213
160 34 254
160 24 255
190 96 0
181 96 11
245 80 0
220 35 59
248 6 127
196 59 181
160 82 205
160 75 245
160 66 255
190 128 0
181 128 11
173 128 50
192 127 62
118 74 77
175 112 170
115 66 169
160 114 237
160 107 255
190 160 0
181 160 11
173 160 50
166 160 89
118 115 74
115 115 115
131 140 220
108 139 255
147 160 255
160 232 0
160 222 2
160 213 43
160 205 82
160 198 121
126 224 136
157 194 192
108 197 255
147 198 255
160 255 0
160 255 0
160 254 34
160 245 75
160 237 114
153 230 160
153 230 192
153 230 224
147 224 255
160 255 0
160 255 0
160 255 24
160 255 66
160 255 107
147 255 160
147 255 192
147 255 224
147 255 255
232 0 0
232 0 32
232 0 64
232 0 96
232 0 128
232 0 160
232 0 192
192 0 255
192 0 255
232 32 0
222 2 32
222 2 64
222 2 96
255 0 134
222 2 160
222 2 192
192 0 255
192 0 255
232 64 0
222 64 2
213 43 64
213 43 96
255 0 128
213 43 160
213 43 192
192 34 254
192 24 255
232 96 0
222 96 2
255 64 0
255 0 40
255 4 111
255 0 180
205 82 192
192 75 245
192 66 255
232 128 0
222 128 2
213 128 43
255 112 9
252 67 91
255 24 159
198 121 192
192 114 237
192 107 255
232 160 0
222 160 2
213 160 43
205 160 82
224 159 94
217 133 141
219 133 211
191 123 255
192 147 255
232 192 0
222 192 2
213 192 43
205 192 82
198 192 121
194 192 157
159 159 159
148 169 255
185 192 255
192 255 0
192 255 0
192 254 34
192 245 75
192 237 114
192 241 142
158 255 168
149 255 253
185 226 255
192 255 0
192 255 0
192 255 24
192 255 66
192 255 107
192 255 147
185 255 192
185 255 224
185 255 255
255 0 0
255 0 32
255 0 64
255 0 96
255 0 128
255 0 160
255 0 192
255 0 224
224 0 255
255 32 0
255 0 32
255 0 64
255 0 96
255 0 128
255 0 170
255 0 192
255 0 224
224 0 255
255 64 0
255 64 0
254 34 64
254 34 96
255 0 121
255 0 166
254 34 192
254 34 224
224 24 255
255 96 0
255 96 0
254 96 34
245 75 96
246 72 127
255 25 160
255 25 207
245 75 224
224 66 255
255 128 0
255 128 0
254 128 34
245 128 75
237 114 128
253 98 156
255 67 202
255 67 254
224 107 255
255 160 0
255 160 0
254 160 34
245 160 75
255 149 67
255 108 129
255 107 191
255 108 255
224 147 255
255 192 0
255 192 0
255 210 0
255 207 25
255 200 75
255 191 126
249 165 173
255 148 255
224 185 255
255 224 0
255 224 0
254 255 0
254 255 25
254 255 67
255 245 123
239 234 176
207 207 207
222 227 255
224 255 0
224 255 0
224 255 24
224 255 66
224 255 107
224 255 147
224 255 185
222 255 224
222 255 255
255 0 0
255 0 32
255 0 64
255 0 96
255 0 128
255 0 160
255 0 192
255 0 224
255 0 255
255 32 0
255 0 32
255 0 64
255 0 96
255 0 128
255 0 160
255 0 192
255 0 224
255 0 255
255 64 0
255 64 0
255 24 64
255 24 96
255 24 128
255 24 159
255 24 192
255 24 224
255 24 255
255 96 0
255 96 0
255 96 24
255 66 96
255 66 128
255 66 160
255 66 192
255 66 224
255 66 255
255 128 0
255 128 0
255 128 24
255 128 66
255 107 128
255 107 160
255 107 192
255 107 224
255 107 255
255 160 0
255 160 0
255 160 24
255 160 66
255 160 107
255 147 160
255 147 192
255 147 224
255 147 255
255 192 0
255 192 0
255 192 24
255 192 66
255 192 107
255 192 147
255 185 192
255 185 224
255 185 255
255 224 0
255 224 0
255 224 24
255 223 66
255 224 107
255 224 147
255 224 185
255 222 224
255 222 255
255 255 0
255 255 0
255 255 24
255 255 66
255 255 107
255 255 147
255 255 185
255 255 222
255 255 255
