0 0 0
0 0 41
0 0 82
0 0 123
0 0 164
0 0 204
0 0 243
0 0 255
0 0 255
0 41 0
0 41 32
0 32 82
0 32 123
0 32 164
0 32 204
0 32 243
0 32 255
0 32 255
0 82 0
0 82 32
0 82 64
0 64 123
0 64 164
0 64 204
0 64 243
0 64 255
0 64 255
0 123 0
0 123 32
0 123 64
0 123 96
0 96 164
0 96 204
0 96 243
0 96 255
0 96 255
0 164 0
0 164 32
0 164 64
0 164 96
0 164 128
0 128 204
0 128 243
0 128 255
0 128 255
0 204 0
0 204 32
0 204 64
0 204 96
0 204 128
0 204 160
0 160 243
0 160 255
0 160 255
0 243 0
0 243 32
0 243 64
0 243 96
0 243 128
0 243 160
0 243 192
0 192 255
0 192 255
0 255 0
0 255 32
0 255 64
0 255 96
0 255 128
0 255 160
0 255 192
0 255 224
0 224 255
0 255 0
0 255 32
0 255 64
0 255 96
0 255 128
0 255 160
0 255 192
0 255 224
0 255 255
41 0 0
41 0 32
32 0 82
32 0 123
32 0 164
32 0 204
32 0 243
32 0 255
32 0 255
41 32 0
32 32 32
22 32 73
13 32 114
4 32 155
0 32 196
0 32 236
0 32 255
0 32 255
32 82 0
22 73 32
22 73 64
13 64 114
4 64 155
0 64 196
0 64 236
0 64 255
0 64 255
32 123 0
13 114 32
13 114 64
13 114 96
4 96 155
0 96 196
0 96 236
0 96 255
0 96 255
32 164 0
4 155 32
4 155 64
4 155 96
4 155 128
0 128 196
0 128 236
0 128 255
0 128 255
32 204 0
0 196 32
0 196 64
0 196 96
0 196 128
0 196 160
0 160 236
0 160 255
0 160 255
32 243 0
0 236 32
0 236 64
0 236 96
0 236 128
0 236 160
0 236 192
0 192 255
0 192 255
32 255 0
0 255 32
0 255 64
0 255 96
0 255 128
0 255 160
0 255 192
0 255 224
0 224 255
32 255 0
0 255 32
0 255 64
0 255 96
0 255 128
0 255 160
0 255 192
0 255 224
0 255 255
82 0 0
82 0 32
82 0 64
64 0 123
64 0 164
64 0 204
64 0 243
64 0 255
64 0 255
82 32 0
73 22 32
73 22 64
64 13 114
64 4 155
64 0 196
64 0 236
64 0 255
64 0 255
82 64 0
30 26 8
26 26 26
54 64 105
0 24 208
0 4 255
0 43 255
19 64 255
12 64 255
64 123 0
64 114 13
54 105 64
54 105 96
16 96 176
0 79 255
28 96 228
19 96 255
12 96 255
64 164 0
64 155 4
0 218 17
8 183 96
45 146 128
36 128 187
0 138 255
0 121 255
12 127 255
64 204 0
64 196 0
36 187 64
0 255 75
36 187 128
36 187 160
0 191 255
19 160 255
12 160 255
64 243 0
64 236 0
28 228 64
28 228 96
28 228 128
28 228 160
28 228 192
19 192 255
12 192 255
64 255 0
64 255 0
19 255 64
19 255 96
19 255 128
19 255 160
19 255 192
19 255 224
12 224 255
64 255 0
64 255 0
12 255 64
12 255 96
12 255 128
12 255 160
12 255 192
12 255 224
12 255 255
123 0 0
123 0 32
123 0 64
123 0 96
96 0 164
96 0 204
96 0 243
96 0 255
96 0 255
123 32 0
114 13 32
114 13 64
114 13 96
96 4 155
96 0 196
96 0 236
96 0 255
96 0 255
123 64 0
114 64 13
53 20 26
105 54 96
96 45 146
79 0 255
85 0 255
80 0 255
96 12 255
123 96 0
114 96 13
53 47 20
47 47 47
86 96 137
15 56 240
68 96 219
28 75 255
52 96 255
96 164 0
96 155 4
96 146 45
49 173 72
86 137 128
48 128 208
0 121 255
13 112 255
52 128 255
96 204 0
96 196 0
96 187 36
5 250 49
40 215 128
77 178 160
0 183 255
13 167 255
52 160 255
96 243 0
96 236 0
96 228 28
68 219 96
68 219 128
68 219 160
68 219 192
60 192 255
52 192 255
96 255 0
96 255 0
96 255 19
60 255 96
60 255 128
60 255 160
60 255 192
60 255 224
52 224 255
96 255 0
96 255 0
96 255 12
52 255 96
52 255 128
52 255 160
52 255 192
52 255 224
52 255 255
164 0 0
164 0 32
164 0 64
164 0 96
164 0 128
128 0 204
128 0 243
128 0 255
128 0 255
164 32 0
155 4 32
155 4 64
155 4 96
155 4 128
128 0 196
128 0 236
128 0 255
128 0 255
164 64 0
155 64 4
146 45 64
146 45 96
146 45 128
128 36 187
128 28 228
128 19 255
128 12 255
164 96 0
155 96 4
146 96 45
137 86 96
137 86 128
128 77 178
128 68 219
128 60 255
128 52 255
164 128 0
155 128 4
146 128 45
85 77 38
77 77 77
87 108 200
13 65 255
100 128 251
92 128 255
128 204 0
128 196 0
128 187 36
128 214 41
81 205 104
66 126 115
13 167 255
53 160 255
92 160 255
128 243 0
128 236 0
128 228 28
128 219 68
37 255 81
109 210 160
109 210 192
53 204 255
92 192 255
128 255 0
128 255 0
128 255 19
128 255 60
100 251 128
100 251 160
100 251 192
100 251 224
92 224 255
128 255 0
128 255 0
128 255 12
128 255 52
92 255 128
92 255 160
92 255 192
92 255 224
92 255 255
204 0 0
204 0 32
204 0 64
204 0 96
204 0 128
204 0 160
160 0 243
160 0 255
160 0 255
204 32 0
196 0 32
196 0 64
196 0 96
196 0 128
196 0 160
160 0 236
160 0 255
160 0 255
204 64 0
243 48 0
255 0 8
187 36 96
255 0 148
187 36 160
160 28 228
160 19 255
160 12 255
204 96 0
196 96 0
255 80 0
235 20 59
255 0 127
211 44 181
160 68 219
160 60 255
160 52 255
204 128 0
196 128 0
187 128 36
206 127 48
126 66 77
185 101 170
115 53 182
160 100 251
160 92 255
204 160 0
196 160 0
187 160 36
178 160 77
126 115 66
115 115 115
119 140 232
93 139 255
132 160 255
160 243 0
160 236 0
160 228 28
160 219 68
160 210 109
113 237 136
150 201 192
93 197 255
132 198 255
160 255 0
160 255 0
160 255 19
160 255 60
160 251 100
141 242 160
141 242 192
141 242 224
132 224 255
160 255 0
160 255 0
160 255 12
160 255 52
160 255 92
132 255 160
132 255 192
132 255 224
132 255 255
243 0 0
243 0 32
243 0 64
243 0 96
243 0 128
243 0 160
243 0 192
192 0 255
192 0 255
243 32 0
236 0 32
236 0 64
236 0 96
255 0 134
236 0 160
236 0 192
192 0 255
192 0 255
243 64 0
236 64 0
228 28 64
228 28 96
255 0 128
228 28 160
228 28 192
192 19 255
192 12 255
243 96 0
236 96 0
255 64 0
255 0 40
255 0 111
255 0 180
219 68 192
192 60 255
192 52 255
243 128 0
236 128 0
228 128 28
255 112 0
255 52 91
255 12 159
210 109 192
192 100 251
192 92 255
243 160 0
236 160 0
228 160 28
219 160 68
238 159 80
230 121 141
231 120 211
191 109 255
192 132 255
243 192 0
236 192 0
228 192 28
219 192 68
210 192 109
201 192 150
159 159 159
134 169 255
173 192 255
192 255 0
192 255 0
192 255 19
192 255 60
192 251 100
192 255 129
145 255 168
136 255 253
173 226 255
192 255 0
192 255 0
192 255 12
192 255 52
192 255 92
192 255 132
173 255 192
173 255 224
173 255 255
255 0 0
255 0 32
255 0 64
255 0 96
255 0 128
255 0 160
255 0 192
255 0 224
224 0 255
255 32 0
255 0 32
255 0 64
255 0 96
255 0 128
255 0 170
255 0 192
255 0 224
224 0 255
255 64 0
255 64 0
255 19 64
255 19 96
255 0 121
255 0 166
255 19 192
255 19 224
224 12 255
255 96 0
255 96 0
255 96 19
255 60 96
255 57 127
255 13 160
255 13 207
255 60 224
224 52 255
255 128 0
255 128 0
255 128 19
255 128 60
251 100 128
255 83 156
255 53 202
255 53 254
224 92 255
255 160 0
255 160 0
255 160 19
255 160 60
255 149 53
255 93 129
255 92 191
255 93 255
224 132 255
255 192 0
255 192 0
255 210 0
255 207 13
255 200 60
255 191 112
255 153 173
255 134 255
224 173 255
255 224 0
255 224 0
254 255 0
254 255 13
254 255 53
255 245 108
249 234 165
207 207 207
215 227 255
224 255 0
224 255 0
224 255 12
224 255 52
224 255 92
224 255 132
224 255 173
215 255 224
215 255 255
255 0 0
255 0 32
255 0 64
255 0 96
255 0 128
255 0 160
255 0 192
255 0 224
255 0 255
255 32 0
255 0 32
255 0 64
255 0 96
255 0 128
255 0 160
255 0 192
255 0 224
255 0 255
255 64 0
255 64 0
255 12 64
255 12 96
255 12 128
255 12 159
255 12 192
255 12 224
255 12 255
255 96 0
255 96 0
255 96 12
255 52 96
255 52 128
255 52 160
255 52 192
255 52 224
255 52 255
255 128 0
255 128 0
255 128 12
255 128 52
255 92 128
255 92 160
255 92 192
255 92 224
255 92 255
255 160 0
255 160 0
255 160 12
255 160 52
255 160 92
255 132 160
255 132 192
255 132 224
255 132 255
255 192 0
255 192 0
255 192 12
255 192 52
255 192 92
255 192 132
255 173 192
255 173 224
255 173 255
255 224 0
255 224 0
255 224 12
255 223 52
255 224 92
255 224 132
255 224 173
255 215 224
255 215 255
255 255 0
255 255 0
255 255 12
255 255 52
255 255 92
255 255 132
255 255 173
255 255 215
255 255 255
