0 0 0
0 0 57
0 0 81
0 0 101
0 0 120
0 0 139
0 0 161
0 0 188
0 0 255
0 57 0
0 57 57
0 57 81
0 57 101
0 57 120
0 57 139
0 57 161
0 57 188
0 57 255
0 81 0
0 81 57
0 81 81
0 81 101
0 81 120
0 81 139
0 81 161
0 81 188
0 81 255
0 101 0
0 101 57
0 101 81
0 101 101
0 101 120
0 101 139
0 101 161
0 101 188
0 101 255
0 120 0
0 120 57
0 120 81
0 120 101
0 120 120
0 120 139
0 120 161
0 120 188
0 120 255
0 139 0
0 139 57
0 139 81
0 139 101
0 139 120
0 139 139
0 139 161
0 139 188
0 139 255
0 161 0
0 161 57
0 161 81
0 161 101
0 161 120
0 161 139
0 161 161
0 161 188
0 161 255
0 188 0
0 188 57
0 188 81
0 188 101
0 188 120
0 188 139
0 188 161
0 188 188
0 188 255
0 255 0
0 255 57
0 255 81
0 255 101
0 255 120
0 255 139
0 255 161
0 255 188
0 255 255
57 0 0
57 0 57
57 0 81
57 0 101
57 0 120
57 0 139
57 0 161
57 0 188
57 0 255
57 57 0
57 57 57
57 57 81
57 57 101
57 57 120
57 57 139
57 57 161
57 57 188
57 57 255
57 81 0
57 81 57
57 81 81
57 81 101
57 81 120
57 81 139
57 81 161
57 81 188
57 81 255
57 101 0
57 101 57
57 101 81
57 101 101
57 101 120
57 101 139
57 101 161
57 101 188
57 101 255
57 120 0
57 120 57
57 120 81
57 120 101
57 120 120
57 120 139
57 120 161
57 120 188
57 120 255
57 139 0
57 139 57
57 139 81
57 139 101
57 139 120
57 139 139
57 139 161
57 139 188
57 139 255
57 161 0
57 161 57
57 161 81
57 161 101
57 161 120
57 161 139
57 161 161
57 161 188
57 161 255
57 188 0
57 188 57
57 188 81
57 188 101
57 188 120
57 188 139
57 188 161
57 188 188
57 188 255
57 255 0
57 255 57
57 255 81
57 255 101
57 255 120
57 255 139
57 255 161
57 255 188
57 255 255
81 0 0
81 0 57
81 0 81
81 0 101
81 0 120
81 0 139
81 0 161
81 0 188
81 0 255
81 57 0
81 57 57
81 57 81
81 57 101
81 57 120
81 57 139
81 57 161
81 57 188
81 57 255
81 81 0
52 52 36
52 52 52
81 81 101
50 50 144
22 22 184
66 66 177
81 81 188
81 81 255
81 101 0
81 101 57
81 101 81
81 101 101
68 101 131
39 90 174
81 101 161
81 101 188
81 101 255
81 120 0
81 120 57
43 149 43
64 134 101
81 120 120
81 120 139
12 126 255
58 116 255
81 119 255
81 139 0
81 139 57
81 139 81
22 183 88
81 139 120
81 139 139
12 160 255
81 139 188
81 139 255
81 161 0
81 161 57
81 161 81
81 161 101
81 161 120
81 161 139
81 161 161
81 161 188
81 161 255
81 188 0
81 188 57
81 188 81
81 188 101
81 188 120
81 188 139
81 188 161
81 188 188
81 188 255
81 255 0
81 255 57
81 255 81
81 255 101
81 255 120
81 255 139
81 255 161
81 255 188
81 255 255
101 0 0
101 0 57
101 0 81
101 0 101
101 0 120
101 0 139
101 0 161
101 0 188
101 0 255
101 57 0
101 57 57
101 57 81
101 57 101
101 57 120
101 57 139
101 57 161
101 57 188
101 57 255
101 81 0
101 81 57
69 52 52
101 81 101
101 81 120
90 38 176
94 66 177
91 62 225
101 81 255
101 101 0
101 101 57
69 69 52
69 69 69
101 101 120
75 75 167
101 101 161
88 88 215
101 101 255
101 120 0
101 120 57
101 120 81
86 134 86
101 120 120
89 120 152
58 116 255
81 110 255
101 120 255
101 139 0
101 139 57
101 139 81
70 172 70
86 155 120
101 139 139
58 154 255
81 144 255
101 139 255
101 161 0
101 161 57
101 161 81
101 161 101
101 161 120
101 161 139
101 161 161
101 161 188
101 161 255
101 188 0
101 188 57
101 188 81
101 188 101
101 188 120
101 188 139
101 188 161
101 188 188
101 188 255
101 255 0
101 255 57
101 255 81
101 255 101
101 255 120
101 255 139
101 255 161
101 255 188
101 255 255
120 0 0
120 0 57
120 0 81
120 0 101
120 0 120
120 0 139
120 0 161
120 0 188
120 0 255
120 57 0
120 57 57
120 57 81
120 57 101
120 57 120
120 57 139
120 57 161
120 57 188
120 57 255
120 81 0
120 81 57
120 81 81
120 81 101
120 81 120
120 81 139
120 81 161
120 81 188
120 81 255
120 101 0
120 101 57
120 101 81
120 101 101
120 101 120
120 101 139
120 101 161
120 101 188
120 101 255
120 120 0
120 120 57
120 120 81
89 89 69
89 89 89
108 108 152
81 81 255
120 120 188
120 120 255
120 139 0
120 139 57
120 139 81
120 154 87
105 154 105
89 112 112
81 144 255
101 139 255
120 139 255
120 161 0
120 161 57
120 161 81
120 161 101
92 205 92
120 161 139
120 161 161
101 170 255
120 161 255
120 188 0
120 188 57
120 188 81
120 188 101
120 188 120
120 188 139
120 188 161
120 188 188
120 188 255
120 255 0
120 255 57
120 255 81
120 255 101
120 255 120
120 255 139
120 255 161
120 255 188
120 255 255
139 0 0
139 0 57
139 0 81
139 0 101
139 0 120
139 0 139
139 0 161
139 0 188
139 0 255
139 57 0
139 57 57
139 57 81
139 57 101
139 57 120
139 57 139
139 57 161
139 57 188
139 57 255
139 81 0
161 70 0
179 30 30
139 81 101
187 0 132
139 81 139
139 81 161
139 81 188
139 81 255
139 101 0
139 101 57
171 91 43
164 77 77
178 64 119
153 88 153
139 101 161
139 101 188
139 101 255
139 120 0
139 120 57
139 120 81
151 119 89
112 89 89
146 113 146
112 89 139
139 120 188
139 120 255
139 139 0
139 139 57
139 139 81
139 139 101
112 112 89
112 112 112
127 127 176
120 126 255
139 139 255
139 161 0
139 161 57
139 161 81
139 161 101
139 161 120
124 179 124
139 161 161
120 164 255
139 165 255
139 188 0
139 188 57
139 188 81
139 188 101
139 188 120
139 188 139
139 188 161
139 188 188
139 188 255
139 255 0
139 255 57
139 255 81
139 255 101
139 255 120
139 255 139
139 255 161
139 255 188
139 255 255
161 0 0
161 0 57
161 0 81
161 0 101
161 0 120
161 0 139
161 0 161
161 0 188
161 0 255
161 57 0
161 57 57
161 57 81
161 57 101
188 0 123
161 57 139
161 57 161
161 57 188
161 57 255
161 81 0
161 81 57
161 81 81
161 81 101
196 50 120
161 81 139
161 81 161
161 81 188
161 81 255
161 101 0
161 101 57
255 81 12
218 64 64
208 68 110
255 57 152
161 101 161
161 101 188
161 101 255
161 120 0
161 120 57
161 120 81
204 110 70
193 98 98
255 81 139
161 120 161
161 120 188
161 120 255
161 139 0
161 139 57
161 139 81
161 139 101
175 139 108
175 127 127
176 127 176
160 126 213
161 139 255
161 161 0
161 161 57
161 161 81
161 161 101
161 161 120
161 161 139
139 139 139
140 145 255
161 161 255
161 188 0
161 188 57
161 188 81
161 188 101
161 188 120
161 196 134
144 218 144
140 235 235
161 190 255
161 255 0
161 255 57
161 255 81
161 255 101
161 255 120
161 255 139
161 255 161
161 255 188
161 255 255
188 0 0
188 0 57
188 0 81
188 0 101
188 0 120
188 0 139
188 0 161
188 0 188
188 0 255
188 57 0
188 57 57
188 57 81
188 57 101
255 12 120
255 12 146
188 57 161
188 57 188
188 57 255
188 81 0
188 81 57
188 81 81
188 81 101
255 58 116
255 58 143
188 81 161
188 81 188
188 81 255
188 101 0
188 101 57
188 101 81
188 101 101
189 100 119
255 81 139
255 81 172
188 101 188
188 101 255
188 120 0
188 120 57
188 120 81
188 120 101
188 120 120
200 113 137
255 101 168
255 101 240
188 120 255
188 139 0
188 139 57
188 139 81
188 139 101
255 132 101
255 120 120
255 120 160
255 120 255
188 139 255
188 161 0
188 161 57
255 175 58
255 172 81
225 167 104
210 160 127
210 148 148
255 140 255
188 161 255
188 188 0
188 188 57
240 255 58
240 255 81
240 255 101
215 215 126
199 199 153
172 172 172
188 191 255
188 255 0
188 255 57
188 255 81
188 255 101
188 255 120
188 255 139
188 255 161
188 255 188
188 255 255
255 0 0
255 0 57
255 0 81
255 0 101
255 0 120
255 0 139
255 0 161
255 0 188
255 0 255
255 57 0
255 57 57
255 57 81
255 57 101
255 57 120
255 57 139
255 57 161
255 57 188
255 57 255
255 81 0
255 81 57
255 81 81
255 81 101
255 81 120
255 81 139
255 81 161
255 81 188
255 81 255
255 101 0
255 101 57
255 101 81
255 101 101
255 101 120
255 101 139
255 101 161
255 101 188
255 101 255
255 120 0
255 120 57
255 120 81
255 120 101
255 120 120
255 120 139
255 120 161
255 120 188
255 120 255
255 139 0
255 139 57
255 139 81
255 139 101
255 139 120
255 139 139
255 139 161
255 139 188
255 139 255
255 161 0
255 161 57
255 161 81
255 161 101
255 161 120
255 161 139
255 161 161
255 161 188
255 161 255
255 188 0
255 188 57
255 188 81
255 187 101
255 188 120
255 188 139
255 188 161
255 188 188
255 188 255
255 255 0
255 255 57
255 255 81
255 255 101
255 255 120
255 255 139
255 255 161
255 255 188
255 255 255
