0 0 0
0 0 38
0 0 77
0 0 116
0 0 155
0 0 194
0 0 234
0 0 255
0 0 255
0 38 0
0 38 32
0 32 77
0 32 116
0 32 155
0 32 194
0 32 234
0 32 255
0 32 255
0 77 0
0 77 32
0 77 64
0 64 116
0 64 155
0 64 194
0 64 234
0 64 255
0 64 255
0 116 0
0 116 32
0 116 64
0 116 96
0 96 155
0 96 194
0 96 234
0 96 255
0 96 255
0 155 0
0 155 32
0 155 64
0 155 96
0 155 128
0 128 194
0 128 234
0 128 255
0 128 255
0 194 0
0 194 32
0 194 64
0 194 96
0 194 128
0 194 160
0 160 234
0 160 255
0 160 255
0 234 0
0 234 32
0 234 64
0 234 96
0 234 128
0 234 160
0 234 192
0 192 255
0 192 255
0 255 0
0 255 32
0 255 64
0 255 96
0 255 128
0 255 160
0 255 192
0 255 224
0 224 255
0 255 0
0 255 32
0 255 64
0 255 96
0 255 128
0 255 160
0 255 192
0 255 224
0 255 255
38 0 0
38 0 32
32 0 77
32 0 116
32 0 155
32 0 194
32 0 234
32 0 255
32 0 255
38 32 0
32 32 32
25 32 70
19 32 109
12 32 148
4 32 187
0 32 226
0 32 255
0 32 255
32 77 0
25 70 32
25 70 64
19 64 109
12 64 148
4 64 187
0 64 226
0 64 255
0 64 255
32 116 0
19 109 32
19 109 64
19 109 96
12 96 148
4 96 187
0 96 226
0 96 255
0 96 255
32 155 0
12 148 32
12 148 64
12 148 96
12 148 128
4 128 187
0 128 226
0 128 255
0 128 255
32 194 0
4 187 32
4 187 64
4 187 96
4 187 128
4 187 160
0 160 226
0 160 255
0 160 255
32 234 0
0 226 32
0 226 64
0 226 96
0 226 128
0 226 160
0 226 192
0 192 255
0 192 255
32 255 0
0 255 32
0 255 64
0 255 96
0 255 128
0 255 160
0 255 192
0 255 224
0 224 255
32 255 0
0 255 32
0 255 64
0 255 96
0 255 128
0 255 160
0 255 192
0 255 224
0 255 255
77 0 0
77 0 32
77 0 64
64 0 116
64 0 155
64 0 194
64 0 234
64 0 255
64 0 255
77 32 0
70 25 32
70 25 64
64 19 109
64 12 148
64 4 187
64 0 226
64 0 255
64 0 255
77 64 0
28 26 9
26 26 26
57 64 102
0 24 198
0 4 255
5 43 250
29 64 255
21 64 255
64 116 0
64 109 19
57 102 64
57 102 96
23 96 168
0 79 252
36 96 219
29 96 255
21 96 255
64 155 0
64 148 12
0 209 17
16 175 96
51 141 128
44 128 180
0 138 255
0 121 255
21 127 255
64 194 0
64 187 4
44 180 64
0 255 75
44 180 128
44 180 160
0 191 255
29 160 255
21 160 255
64 234 0
64 226 0
36 219 64
36 219 96
36 219 128
36 219 160
36 219 192
29 192 255
21 192 255
64 255 0
64 255 0
29 255 64
29 255 96
29 255 128
29 255 160
29 255 192
29 255 224
21 224 255
64 255 0
64 255 0
21 255 64
21 255 96
21 255 128
21 255 160
21 255 192
21 255 224
21 255 255
116 0 0
116 0 32
116 0 64
116 0 96
96 0 155
96 0 194
96 0 234
96 0 255
96 0 255
116 32 0
109 19 32
109 19 64
109 19 96
96 12 148
96 4 187
96 0 226
96 0 255
96 0 255
116 64 0
109 64 19
51 22 26
102 57 96
96 51 141
79 0 255
85 5 250
80 0 255
96 21 255
116 96 0
109 96 19
51 47 22
47 47 47
89 96 134
25 56 230
76 96 212
37 75 255
61 96 255
96 155 0
96 148 12
96 141 51
55 167 72
89 134 128
55 128 200
0 121 255
22 112 255
61 128 255
96 194 0
96 187 4
96 180 44
14 241 49
48 207 128
83 173 160
0 183 255
22 167 255
61 160 255
96 234 0
96 226 0
96 219 36
76 212 96
76 212 128
76 212 160
76 212 192
68 192 251
61 192 255
96 255 0
96 255 0
96 255 29
68 251 96
68 251 128
68 251 160
68 251 192
68 251 224
61 224 255
96 255 0
96 255 0
96 255 21
61 255 96
61 255 128
61 255 160
61 255 192
61 255 224
61 255 255
155 0 0
155 0 32
155 0 64
155 0 96
155 0 128
128 0 194
128 0 234
128 0 255
128 0 255
155 32 0
148 12 32
148 12 64
148 12 96
148 12 128
128 4 187
128 0 226
128 0 255
128 0 255
155 64 0
148 64 12
141 51 64
141 51 96
141 51 128
128 44 180
128 36 219
128 29 255
128 21 255
155 96 0
148 96 12
141 96 51
134 89 96
134 89 128
128 83 173
128 76 212
128 68 251
128 61 255
155 128 0
148 128 12
141 128 51
83 77 41
77 77 77
93 108 194
22 65 255
108 128 244
101 128 255
128 194 0
128 187 4
128 180 44
128 206 50
87 199 104
69 122 115
22 167 255
62 160 255
101 160 255
128 234 0
128 226 0
128 219 36
128 212 76
46 255 81
115 205 160
115 205 192
62 204 255
101 192 255
128 255 0
128 255 0
128 255 29
128 251 68
108 244 128
108 244 160
108 244 192
108 244 224
101 224 255
128 255 0
128 255 0
128 255 21
128 255 61
101 255 128
101 255 160
101 255 192
101 255 224
101 255 255
194 0 0
194 0 32
194 0 64
194 0 96
194 0 128
194 0 160
160 0 234
160 0 255
160 0 255
194 32 0
187 4 32
187 4 64
187 4 96
187 4 128
187 4 160
160 0 226
160 0 255
160 0 255
194 64 0
234 48 0
255 0 8
180 44 96
255 0 148
180 44 160
160 36 219
160 29 255
160 21 255
194 96 0
187 96 4
248 80 0
226 29 59
252 3 127
203 52 181
160 76 212
160 68 251
160 61 255
194 128 0
187 128 4
180 128 44
199 127 56
122 69 77
180 106 170
115 60 176
160 108 244
160 101 255
194 160 0
187 160 4
180 160 44
173 160 83
122 115 69
115 115 115
125 140 226
102 139 255
140 160 255
160 234 0
160 226 0
160 219 36
160 212 76
160 205 115
119 231 136
153 198 192
102 197 255
140 198 255
160 255 0
160 255 0
160 255 29
160 251 68
160 244 108
147 237 160
147 237 192
147 237 224
140 224 255
160 255 0
160 255 0
160 255 21
160 255 61
160 255 101
140 255 160
140 255 192
140 255 224
140 255 255
234 0 0
234 0 32
234 0 64
234 0 96
234 0 128
234 0 160
234 0 192
192 0 255
192 0 255
234 32 0
226 0 32
226 0 64
226 0 96
255 0 134
226 0 160
226 0 192
192 0 255
192 0 255
234 64 0
226 64 0
219 36 64
219 36 96
255 0 128
219 36 160
219 36 192
192 29 255
192 21 255
234 96 0
226 96 0
255 64 0
255 0 40
255 2 111
255 0 180
212 76 192
192 68 251
192 61 255
234 128 0
226 128 0
219 128 36
255 112 7
255 61 91
255 21 159
205 115 192
192 108 244
192 101 255
234 160 0
226 160 0
219 160 36
212 160 76
231 159 88
224 127 141
225 126 211
191 117 255
192 140 255
234 192 0
226 192 0
219 192 36
212 192 76
205 192 115
198 192 153
159 159 159
141 169 255
179 192 255
192 255 0
192 255 0
192 255 29
192 251 68
192 244 108
192 248 135
151 255 168
143 255 253
179 226 255
192 255 0
192 255 0
192 255 21
192 255 61
192 255 101
192 255 140
179 255 192
179 255 224
179 255 255
255 0 0
255 0 32
255 0 64
255 0 96
255 0 128
255 0 160
255 0 192
255 0 224
224 0 255
255 32 0
255 0 32
255 0 64
255 0 96
255 0 128
255 0 170
255 0 192
255 0 224
224 0 255
255 64 0
255 64 0
255 29 64
255 29 96
255 0 121
255 0 166
255 29 192
255 29 224
224 21 255
255 96 0
255 96 0
255 96 29
251 68 96
252 66 127
255 22 160
255 22 207
251 68 224
224 61 255
255 128 0
255 128 0
255 128 29
251 128 68
244 108 128
255 92 156
255 62 202
255 62 254
224 101 255
255 160 0
255 160 0
255 160 29
251 160 68
255 149 62
255 102 129
255 101 191
255 102 255
224 140 255
255 192 0
255 192 0
255 210 0
255 207 22
255 200 70
255 191 120
255 159 173
255 141 255
224 179 255
255 224 0
255 224 0
254 255 0
254 255 22
254 255 62
255 245 116
244 234 170
207 207 207
217 227 255
224 255 0
224 255 0
224 255 21
224 255 61
224 255 101
224 255 140
224 255 179
217 255 224
217 255 255
255 0 0
255 0 32
255 0 64
255 0 96
255 0 128
255 0 160
255 0 192
255 0 224
255 0 255
255 32 0
255 0 32
255 0 64
255 0 96
255 0 128
255 0 160
255 0 192
255 0 224
255 0 255
255 64 0
255 64 0
255 21 64
255 21 96
255 21 128
255 21 159
255 21 192
255 21 224
255 21 255
255 96 0
255 96 0
255 96 21
255 61 96
255 61 128
255 61 160
255 61 192
255 61 224
255 61 255
255 128 0
255 128 0
255 128 21
255 128 61
255 101 128
255 101 160
255 101 192
255 101 224
255 101 255
255 160 0
255 160 0
255 160 21
255 160 61
255 160 101
255 140 160
255 140 192
255 140 224
255 140 255
255 192 0
255 192 0
255 192 21
255 192 61
255 192 101
255 192 140
255 179 192
255 179 224
255 179 255
255 224 0
255 224 0
255 224 21
255 223 61
255 224 101
255 224 140
255 224 179
255 217 224
255 217 255
255 255 0
255 255 0
255 255 21
255 255 61
255 255 101
255 255 140
255 255 179
255 255 217
255 255 255
