0 0 0
0 0 52
0 0 81
0 0 107
0 0 131
0 0 156
0 0 181
0 0 210
0 0 255
0 52 0
0 52 52
0 52 81
0 52 107
0 52 131
0 52 156
0 52 181
0 52 210
0 52 255
0 81 0
0 81 52
0 81 81
0 81 107
0 81 131
0 81 156
0 81 181
0 81 210
0 81 255
0 107 0
0 107 52
0 107 81
0 107 107
0 107 131
0 107 156
0 107 181
0 107 210
0 107 255
0 131 0
0 131 52
0 131 81
0 131 107
0 131 131
0 131 156
0 131 181
0 131 210
0 131 255
0 156 0
0 156 52
0 156 81
0 156 107
0 156 131
0 156 156
0 156 181
0 156 210
0 156 255
0 181 0
0 181 52
0 181 81
0 181 107
0 181 131
0 181 156
0 181 181
0 181 210
0 181 255
0 210 0
0 210 52
0 210 81
0 210 107
0 210 131
0 210 156
0 210 181
0 210 210
0 210 255
0 255 0
0 255 52
0 255 81
0 255 107
0 255 131
0 255 156
0 255 181
0 255 210
0 255 255
52 0 0
52 0 52
52 0 81
52 0 107
52 0 131
52 0 156
52 0 181
52 0 210
52 0 255
52 52 0
52 52 52
52 52 81
52 52 107
52 52 131
52 52 156
52 52 181
52 52 210
52 52 255
52 81 0
52 81 52
52 81 81
52 81 107
52 81 131
52 81 156
52 81 181
52 81 210
52 81 255
52 107 0
52 107 52
52 107 81
52 107 107
52 107 131
52 107 156
52 107 181
52 107 210
52 107 255
52 131 0
52 131 52
52 131 81
52 131 107
52 131 131
52 131 156
52 131 181
52 131 210
52 131 255
52 156 0
52 156 52
52 156 81
52 156 107
52 156 131
52 156 156
52 156 181
52 156 210
52 156 255
52 181 0
52 181 52
52 181 81
52 181 107
52 181 131
52 181 156
52 181 181
52 181 210
52 181 255
52 210 0
52 210 52
52 210 81
52 210 107
52 210 131
52 210 156
52 210 181
52 210 210
52 210 255
52 255 0
52 255 52
52 255 81
52 255 107
52 255 131
52 255 156
52 255 181
52 255 210
52 255 255
81 0 0
81 0 52
81 0 81
81 0 107
81 0 131
81 0 156
81 0 181
81 0 210
81 0 255
81 52 0
81 52 52
81 52 81
81 52 107
81 52 131
81 52 156
81 52 181
81 52 210
81 52 255
81 81 0
45 45 28
45 45 45
81 81 107
43 43 162
14 14 206
62 62 199
81 81 210
81 81 255
81 107 0
81 107 52
81 107 81
81 107 107
64 107 146
30 93 196
81 107 181
81 107 210
81 107 255
81 131 0
81 131 52
34 167 34
59 150 107
81 131 131
81 131 156
6 139 255
53 126 255
81 131 255
81 156 0
81 156 52
81 156 81
14 205 90
81 156 131
81 156 156
6 180 255
81 156 210
81 156 255
81 181 0
81 181 52
81 181 81
81 181 107
81 181 131
81 181 156
81 181 181
81 181 210
81 181 255
81 210 0
81 210 52
81 210 81
81 210 107
81 210 131
81 210 156
81 210 181
81 210 210
81 210 255
81 255 0
81 255 52
81 255 81
81 255 107
81 255 131
81 255 156
81 255 181
81 255 210
81 255 255
107 0 0
107 0 52
107 0 81
107 0 107
107 0 131
107 0 156
107 0 181
107 0 210
107 0 255
107 52 0
107 52 52
107 52 81
107 52 107
107 52 131
107 52 156
107 52 181
107 52 210
107 52 255
107 81 0
107 81 52
66 45 45
107 81 107
107 81 131
93 29 198
98 62 199
94 58 242
107 81 255
107 107 0
107 107 52
66 66 45
66 66 66
107 107 131
74 74 188
107 107 181
90 90 234
107 107 255
107 131 0
107 131 52
107 131 81
88 149 88
107 131 131
92 131 171
53 126 255
82 119 255
107 131 255
107 156 0
107 156 52
107 156 81
68 194 68
88 175 131
107 156 156
53 174 255
82 161 255
107 156 255
107 181 0
107 181 52
107 181 81
107 181 107
107 181 131
107 181 156
107 181 181
107 181 210
107 181 255
107 210 0
107 210 52
107 210 81
107 210 107
107 210 131
107 210 156
107 210 181
107 210 210
107 210 255
107 255 0
107 255 52
107 255 81
107 255 107
107 255 131
107 255 156
107 255 181
107 255 210
107 255 255
131 0 0
131 0 52
131 0 81
131 0 107
131 0 131
131 0 156
131 0 181
131 0 210
131 0 255
131 52 0
131 52 52
131 52 81
131 52 107
131 52 131
131 52 156
131 52 181
131 52 210
131 52 255
131 81 0
131 81 52
131 81 81
131 81 107
131 81 131
131 81 156
131 81 181
131 81 210
131 81 255
131 107 0
131 107 52
131 107 81
131 107 107
131 107 131
131 107 156
131 107 181
131 107 210
131 107 255
131 131 0
131 131 52
131 131 81
92 92 66
92 92 92
116 116 171
82 82 255
131 131 210
131 131 255
131 156 0
131 156 52
131 156 81
131 174 89
113 174 113
92 121 121
82 161 255
108 156 255
131 156 255
131 181 0
131 181 52
131 181 81
131 181 107
95 226 95
131 181 156
131 181 181
108 191 255
131 181 255
131 210 0
131 210 52
131 210 81
131 210 107
131 210 131
131 210 156
131 210 181
131 210 210
131 210 255
131 255 0
131 255 52
131 255 81
131 255 107
131 255 131
131 255 156
131 255 181
131 255 210
131 255 255
156 0 0
156 0 52
156 0 81
156 0 107
156 0 131
156 0 156
156 0 181
156 0 210
156 0 255
156 52 0
156 52 52
156 52 81
156 52 107
156 52 131
156 52 156
156 52 181
156 52 210
156 52 255
156 81 0
181 67 0
201 21 21
156 81 107
209 0 146
156 81 156
156 81 181
156 81 210
156 81 255
156 107 0
156 107 52
193 94 34
185 77 77
200 60 131
172 90 172
156 107 181
156 107 210
156 107 255
156 131 0
156 131 52
156 131 81
170 131 92
121 92 92
163 123 163
121 92 155
156 131 210
156 131 255
156 156 0
156 156 52
156 156 81
156 156 107
121 121 92
121 121 121
140 140 198
132 140 255
156 156 255
156 181 0
156 181 52
156 181 81
156 181 107
156 181 131
137 201 137
156 181 181
132 185 255
156 186 255
156 210 0
156 210 52
156 210 81
156 210 107
156 210 131
156 210 156
156 210 181
156 210 210
156 210 255
156 255 0
156 255 52
156 255 81
156 255 107
156 255 131
156 255 156
156 255 181
156 255 210
156 255 255
181 0 0
181 0 52
181 0 81
181 0 107
181 0 131
181 0 156
181 0 181
181 0 210
181 0 255
181 52 0
181 52 52
181 52 81
181 52 107
210 0 136
181 52 156
181 52 181
181 52 210
181 52 255
181 81 0
181 81 52
181 81 81
181 81 107
218 43 131
181 81 156
181 81 181
181 81 210
181 81 255
181 107 0
181 107 52
255 81 6
237 59 59
229 65 118
255 52 171
181 107 181
181 107 210
181 107 255
181 131 0
181 131 52
181 131 81
225 119 68
215 103 103
255 81 155
181 131 181
181 131 210
181 131 255
181 156 0
181 156 52
181 156 81
181 156 107
197 155 117
197 141 141
198 141 198
180 140 232
181 156 255
181 181 0
181 181 52
181 181 81
181 181 107
181 181 131
181 181 156
155 155 155
156 163 255
181 181 255
181 210 0
181 210 52
181 210 81
181 210 107
181 210 131
181 218 150
162 237 162
157 248 248
181 212 255
181 255 0
181 255 52
181 255 81
181 255 107
181 255 131
181 255 156
181 255 181
181 255 210
181 255 255
210 0 0
210 0 52
210 0 81
210 0 107
210 0 131
210 0 156
210 0 181
210 0 210
210 0 255
210 52 0
210 52 52
210 52 81
210 52 107
255 6 131
255 6 163
210 52 181
210 52 210
210 52 255
210 81 0
210 81 52
210 81 81
210 81 107
255 53 126
255 53 160
210 81 181
210 81 210
210 81 255
210 107 0
210 107 52
210 107 81
210 107 107
211 105 131
255 82 156
255 82 194
210 107 210
210 107 255
210 131 0
210 131 52
210 131 81
210 131 107
210 131 131
221 123 153
255 108 190
255 108 250
210 131 255
210 156 0
210 156 52
210 156 81
210 156 107
255 147 108
255 132 132
255 131 180
255 132 255
210 156 255
210 181 0
210 181 52
255 197 53
255 194 82
242 188 111
230 180 141
230 166 166
255 156 255
210 181 255
210 210 0
210 210 52
250 255 53
250 255 82
250 255 108
234 234 140
220 220 172
194 194 194
210 213 255
210 255 0
210 255 52
210 255 81
210 255 107
210 255 131
210 255 156
210 255 181
210 255 210
210 255 255
255 0 0
255 0 52
255 0 81
255 0 107
255 0 131
255 0 156
255 0 181
255 0 210
255 0 255
255 52 0
255 52 52
255 52 81
255 52 107
255 52 131
255 52 156
255 52 181
255 52 210
255 52 255
255 81 0
255 81 52
255 81 81
255 81 107
255 81 131
255 81 155
255 81 181
255 81 210
255 81 255
255 107 0
255 107 52
255 107 81
255 107 107
255 107 131
255 107 156
255 107 181
255 107 210
255 107 255
255 131 0
255 131 52
255 131 81
255 131 107
255 131 131
255 131 156
255 131 181
255 131 210
255 131 255
255 156 0
255 156 52
255 156 81
255 156 107
255 156 131
255 156 156
255 156 181
255 156 210
255 156 255
255 181 0
255 181 52
255 181 81
255 181 107
255 181 131
255 181 156
255 181 181
255 181 210
255 181 255
255 210 0
255 210 52
255 210 81
255 209 107
255 210 131
255 210 156
255 210 181
255 210 210
255 210 255
255 255 0
255 255 52
255 255 81
255 255 107
255 255 131
255 255 156
255 255 181
255 255 210
255 255 255
