0 0 0
0 0 37
0 0 76
0 0 115
0 0 155
0 0 196
0 0 237
0 0 255
0 0 255
0 37 0
0 37 32
0 32 76
0 32 115
0 32 155
0 32 196
0 32 237
0 32 255
0 32 255
0 76 0
0 76 32
0 76 64
0 64 115
0 64 155
0 64 196
0 64 237
0 64 255
0 64 255
0 115 0
0 115 32
0 115 64
0 115 96
0 96 155
0 96 196
0 96 237
0 96 255
0 96 255
0 155 0
0 155 32
0 155 64
0 155 96
0 155 128
0 128 196
0 128 237
0 128 255
0 128 255
0 196 0
0 196 32
0 196 64
0 196 96
0 196 128
0 196 160
0 160 237
0 160 255
0 160 255
0 237 0
0 237 32
0 237 64
0 237 96
0 237 128
0 237 160
0 237 192
0 192 255
0 192 255
0 255 0
0 255 32
0 255 64
0 255 96
0 255 128
0 255 160
0 255 192
0 255 224
0 224 255
0 255 0
0 255 32
0 255 64
0 255 96
0 255 128
0 255 160
0 255 192
0 255 224
0 255 255
37 0 0
37 0 32
32 0 76
32 0 115
32 0 155
32 0 196
32 0 237
32 0 255
32 0 255
37 32 0
32 32 32
26 32 69
20 32 108
12 32 147
4 32 187
0 32 228
0 32 255
0 32 255
32 76 0
26 69 32
26 69 64
20 64 108
12 64 147
4 64 187
0 64 228
0 64 255
0 64 255
32 115 0
20 108 32
20 108 64
20 108 96
12 96 147
4 96 187
0 96 228
0 96 255
0 96 255
32 155 0
12 147 32
12 147 64
12 147 96
12 147 128
4 128 187
0 128 228
0 128 255
0 128 255
32 196 0
4 187 32
4 187 64
4 187 96
4 187 128
4 187 160
0 160 228
0 160 255
0 160 255
32 237 0
0 228 32
0 228 64
0 228 96
0 228 128
0 228 160
0 228 192
0 192 255
0 192 255
32 255 0
0 255 32
0 255 64
0 255 96
0 255 128
0 255 160
0 255 192
0 255 224
0 224 255
32 255 0
0 255 32
0 255 64
0 255 96
0 255 128
0 255 160
0 255 192
0 255 224
0 255 255
76 0 0
76 0 32
76 0 64
64 0 115
64 0 155
64 0 196
64 0 237
64 0 255
64 0 255
76 32 0
69 26 32
69 26 64
64 20 108
64 12 147
64 4 187
64 0 228
64 0 255
64 0 255
76 64 0
27 26 10
26 26 26
58 64 101
0 24 200
0 4 255
4 43 252
27 64 255
19 64 255
64 115 0
64 108 20
58 101 64
58 101 96
24 96 168
0 79 255
36 96 219
27 96 255
19 96 255
64 155 0
64 147 12
0 210 17
16 175 96
52 140 128
44 128 179
0 138 255
0 121 255
19 127 255
64 196 0
64 187 4
44 179 64
0 255 75
44 179 128
44 179 160
0 191 255
27 160 255
19 160 255
64 237 0
64 228 0
36 219 64
36 219 96
36 219 128
36 219 160
36 219 192
27 192 255
19 192 255
64 255 0
64 255 0
27 255 64
27 255 96
27 255 128
27 255 160
27 255 192
27 255 224
19 224 255
64 255 0
64 255 0
19 255 64
19 255 96
19 255 128
19 255 160
19 255 192
19 255 224
19 255 255
115 0 0
115 0 32
115 0 64
115 0 96
96 0 155
96 0 196
96 0 237
96 0 255
96 0 255
115 32 0
108 20 32
108 20 64
108 20 96
96 12 147
96 4 187
96 0 228
96 0 255
96 0 255
115 64 0
108 64 20
50 23 26
101 58 96
96 52 140
79 0 255
85 4 252
80 0 255
96 19 255
115 96 0
108 96 20
50 47 23
47 47 47
90 96 133
24 56 232
76 96 211
36 75 255
60 96 255
96 155 0
96 147 12
96 140 52
56 166 72
90 133 128
56 128 200
0 121 255
20 112 255
60 128 255
96 196 0
96 187 4
96 179 44
13 242 49
48 207 128
84 172 160
0 183 255
20 167 255
60 160 255
96 237 0
96 228 0
96 219 36
76 211 96
76 211 128
76 211 160
76 211 192
68 192 251
60 192 255
96 255 0
96 255 0
96 255 27
68 251 96
68 251 128
68 251 160
68 251 192
68 251 224
60 224 255
96 255 0
96 255 0
96 255 19
60 255 96
60 255 128
60 255 160
60 255 192
60 255 224
60 255 255
155 0 0
155 0 32
155 0 64
155 0 96
155 0 128
128 0 196
128 0 237
128 0 255
128 0 255
155 32 0
147 12 32
147 12 64
147 12 96
147 12 128
128 4 187
128 0 228
128 0 255
128 0 255
155 64 0
147 64 12
140 52 64
140 52 96
140 52 128
128 44 179
128 36 219
128 27 255
128 19 255
155 96 0
147 96 12
140 96 52
133 90 96
133 90 128
128 84 172
128 76 211
128 68 251
128 60 255
155 128 0
147 128 12
140 128 52
81 77 42
77 77 77
94 108 193
20 65 255
108 128 243
100 128 255
128 196 0
128 187 4
128 179 44
128 206 50
88 198 104
70 121 115
20 167 255
61 160 255
100 160 255
128 237 0
128 228 0
128 219 36
128 211 76
45 255 81
116 204 160
116 204 192
61 204 255
100 192 255
128 255 0
128 255 0
128 255 27
128 251 68
108 243 128
108 243 160
108 243 192
108 243 224
100 224 255
128 255 0
128 255 0
128 255 19
128 255 60
100 255 128
100 255 160
100 255 192
100 255 224
100 255 255
196 0 0
196 0 32
196 0 64
196 0 96
196 0 128
196 0 160
160 0 237
160 0 255
160 0 255
196 32 0
187 4 32
187 4 64
187 4 96
187 4 128
187 4 160
160 0 228
160 0 255
160 0 255
196 64 0
237 48 0
255 0 8
179 44 96
255 0 148
179 44 160
160 36 219
160 27 255
160 19 255
196 96 0
187 96 4
250 80 0
227 28 59
254 1 127
203 53 181
160 76 211
160 68 251
160 60 255
196 128 0
187 128 4
179 128 44
198 127 56
121 70 77
179 107 170
115 60 175
160 108 243
160 100 255
196 160 0
187 160 4
179 160 44
172 160 84
121 115 70
115 115 115
126 140 225
101 139 255
140 160 255
160 237 0
160 228 0
160 219 36
160 211 76
160 204 116
120 230 136
154 197 192
101 197 255
140 198 255
160 255 0
160 255 0
160 255 27
160 251 68
160 243 108
148 236 160
148 236 192
148 236 224
140 224 255
160 255 0
160 255 0
160 255 19
160 255 60
160 255 100
140 255 160
140 255 192
140 255 224
140 255 255
237 0 0
237 0 32
237 0 64
237 0 96
237 0 128
237 0 160
237 0 192
192 0 255
192 0 255
237 32 0
228 0 32
228 0 64
228 0 96
255 0 134
228 0 160
228 0 192
192 0 255
192 0 255
237 64 0
228 64 0
219 36 64
219 36 96
255 0 128
219 36 160
219 36 192
192 27 255
192 19 255
237 96 0
228 96 0
255 64 0
255 0 40
255 0 111
255 0 180
211 76 192
192 68 251
192 60 255
237 128 0
228 128 0
219 128 36
255 112 4
255 60 91
255 19 159
204 116 192
192 108 243
192 100 255
237 160 0
228 160 0
219 160 36
211 160 76
230 159 88
223 127 141
224 127 211
191 117 255
192 140 255
237 192 0
228 192 0
219 192 36
211 192 76
204 192 116
197 192 154
159 159 159
142 169 255
180 192 255
192 255 0
192 255 0
192 255 27
192 251 68
192 243 108
192 247 136
152 255 168
143 255 253
180 226 255
192 255 0
192 255 0
192 255 19
192 255 60
192 255 100
192 255 140
180 255 192
180 255 224
180 255 255
255 0 0
255 0 32
255 0 64
255 0 96
255 0 128
255 0 160
255 0 192
255 0 224
224 0 255
255 32 0
255 0 32
255 0 64
255 0 96
255 0 128
255 0 170
255 0 192
255 0 224
224 0 255
255 64 0
255 64 0
255 27 64
255 27 96
255 0 121
255 0 166
255 27 192
255 27 224
224 19 255
255 96 0
255 96 0
255 96 27
251 68 96
253 65 127
255 20 160
255 20 207
251 68 224
224 60 255
255 128 0
255 128 0
255 128 27
251 128 68
243 108 128
255 91 156
255 61 202
255 61 254
224 100 255
255 160 0
255 160 0
255 160 27
251 160 68
255 149 61
255 101 129
255 100 191
255 101 255
224 140 255
255 192 0
255 192 0
255 210 0
255 207 20
255 200 69
255 191 120
255 159 173
255 142 255
224 180 255
255 224 0
255 224 0
254 255 0
254 255 20
254 255 61
255 245 117
243 234 171
207 207 207
219 227 255
224 255 0
224 255 0
224 255 19
224 255 60
224 255 100
224 255 140
224 255 180
219 255 224
219 255 255
255 0 0
255 0 32
255 0 64
255 0 96
255 0 128
255 0 160
255 0 192
255 0 224
255 0 255
255 32 0
255 0 32
255 0 64
255 0 96
255 0 128
255 0 160
255 0 192
255 0 224
255 0 255
255 64 0
255 64 0
255 19 64
255 19 96
255 19 128
255 19 159
255 19 192
255 19 224
255 19 255
255 96 0
255 96 0
255 96 19
255 60 96
255 60 128
255 60 160
255 60 192
255 60 224
255 60 255
255 128 0
255 128 0
255 128 19
255 128 60
255 100 128
255 100 160
255 100 192
255 100 224
255 100 255
255 160 0
255 160 0
255 160 19
255 160 60
255 160 100
255 140 160
255 140 192
255 140 224
255 140 255
255 192 0
255 192 0
255 192 19
255 192 60
255 192 100
255 192 140
255 180 192
255 180 224
255 180 255
255 224 0
255 224 0
255 224 19
255 223 60
255 224 100
255 224 140
255 224 180
255 219 224
255 219 255
255 255 0
255 255 0
255 255 19
255 255 60
255 255 100
255 255 140
255 255 180
255 255 219
255 255 255
