0 0 0
0 0 44
0 0 85
0 0 125
0 0 164
0 0 203
0 0 242
0 0 255
0 0 255
0 44 0
0 44 32
0 32 85
0 32 125
0 32 164
0 32 203
0 32 242
0 32 255
0 32 255
0 85 0
0 85 32
0 85 64
0 64 125
0 64 164
0 64 203
0 64 242
0 64 255
0 64 255
0 125 0
0 125 32
0 125 64
0 125 96
0 96 164
0 96 203
0 96 242
0 96 255
0 96 255
0 164 0
0 164 32
0 164 64
0 164 96
0 164 128
0 128 203
0 128 242
0 128 255
0 128 255
0 203 0
0 203 32
0 203 64
0 203 96
0 203 128
0 203 160
0 160 242
0 160 255
0 160 255
0 242 0
0 242 32
0 242 64
0 242 96
0 242 128
0 242 160
0 242 192
0 192 255
0 192 255
0 255 0
0 255 32
0 255 64
0 255 96
0 255 128
0 255 160
0 255 192
0 255 224
0 224 255
0 255 0
0 255 32
0 255 64
0 255 96
0 255 128
0 255 160
0 255 192
0 255 224
0 255 255
44 0 0
44 0 32
32 0 85
32 0 125
32 0 164
32 0 203
32 0 242
32 0 255
32 0 255
44 32 0
32 32 32
20 32 76
11 32 117
3 32 157
0 32 196
0 32 235
0 32 255
0 32 255
32 85 0
20 76 32
20 76 64
11 64 117
3 64 157
0 64 196
0 64 235
0 64 255
0 64 255
32 125 0
11 117 32
11 117 64
11 117 96
3 96 157
0 96 196
0 96 235
0 96 255
0 96 255
32 164 0
3 157 32
3 157 64
3 157 96
3 157 128
0 128 196
0 128 235
0 128 255
0 128 255
32 203 0
0 196 32
0 196 64
0 196 96
0 196 128
0 196 160
0 160 235
0 160 255
0 160 255
32 242 0
0 235 32
0 235 64
0 235 96
0 235 128
0 235 160
0 235 192
0 192 255
0 192 255
32 255 0
0 255 32
0 255 64
0 255 96
0 255 128
0 255 160
0 255 192
0 255 224
0 224 255
32 255 0
0 255 32
0 255 64
0 255 96
0 255 128
0 255 160
0 255 192
0 255 224
0 255 255
85 0 0
85 0 32
85 0 64
64 0 125
64 0 164
64 0 203
64 0 242
64 0 255
64 0 255
85 32 0
76 20 32
76 20 64
64 11 117
64 3 157
64 0 196
64 0 235
64 0 255
64 0 255
85 64 0
32 26 5
26 26 26
52 64 108
0 24 208
0 4 255
0 43 255
20 64 255
13 64 255
64 125 0
64 117 11
52 108 64
52 108 96
14 96 177
0 79 255
27 96 228
20 96 255
13 96 255
64 164 0
64 157 3
0 218 17
7 185 96
43 149 128
35 128 189
0 138 255
0 121 255
13 127 255
64 203 0
64 196 0
35 189 64
0 255 75
35 189 128
35 189 160
0 191 255
20 160 255
13 160 255
64 242 0
64 235 0
27 228 64
27 228 96
27 228 128
27 228 160
27 228 192
20 192 255
13 192 255
64 255 0
64 255 0
20 255 64
20 255 96
20 255 128
20 255 160
20 255 192
20 255 224
13 224 255
64 255 0
64 255 0
13 255 64
13 255 96
13 255 128
13 255 160
13 255 192
13 255 224
13 255 255
125 0 0
125 0 32
125 0 64
125 0 96
96 0 164
96 0 203
96 0 242
96 0 255
96 0 255
125 32 0
117 11 32
117 11 64
117 11 96
96 3 157
96 0 196
96 0 235
96 0 255
96 0 255
125 64 0
117 64 11
55 17 26
108 52 96
96 43 149
79 0 255
85 0 255
80 0 255
96 13 255
125 96 0
117 96 11
55 47 17
47 47 47
84 96 140
15 56 240
67 96 221
29 75 255
52 96 255
96 164 0
96 157 3
96 149 43
47 175 72
84 140 128
46 128 209
0 121 255
14 112 255
52 128 255
96 203 0
96 196 0
96 189 35
5 250 49
39 217 128
75 181 160
0 183 255
14 167 255
52 160 255
96 242 0
96 235 0
96 228 27
67 221 96
67 221 128
67 221 160
67 221 192
59 192 255
52 192 255
96 255 0
96 255 0
96 255 20
59 255 96
59 255 128
59 255 160
59 255 192
59 255 224
52 224 255
96 255 0
96 255 0
96 255 13
52 255 96
52 255 128
52 255 160
52 255 192
52 255 224
52 255 255
164 0 0
164 0 32
164 0 64
164 0 96
164 0 128
128 0 203
128 0 242
128 0 255
128 0 255
164 32 0
157 3 32
157 3 64
157 3 96
157 3 128
128 0 196
128 0 235
128 0 255
128 0 255
164 64 0
157 64 3
149 43 64
149 43 96
149 43 128
128 35 189
128 27 228
128 20 255
128 13 255
164 96 0
157 96 3
149 96 43
140 84 96
140 84 128
128 75 181
128 67 221
128 59 255
128 52 255
164 128 0
157 128 3
149 128 43
88 77 35
77 77 77
85 108 203
14 65 255
99 128 253
91 128 255
128 203 0
128 196 0
128 189 35
128 215 40
79 207 104
63 128 115
14 167 255
53 160 255
91 160 255
128 242 0
128 235 0
128 228 27
128 221 67
37 255 81
107 213 160
107 213 192
53 204 255
91 192 255
128 255 0
128 255 0
128 255 20
128 255 59
99 253 128
99 253 160
99 253 192
99 253 224
91 224 255
128 255 0
128 255 0
128 255 13
128 255 52
91 255 128
91 255 160
91 255 192
91 255 224
91 255 255
203 0 0
203 0 32
203 0 64
203 0 96
203 0 128
203 0 160
160 0 242
160 0 255
160 0 255
203 32 0
196 0 32
196 0 64
196 0 96
196 0 128
196 0 160
160 0 235
160 0 255
160 0 255
203 64 0
242 48 0
255 0 8
189 35 96
255 0 148
189 35 160
160 27 228
160 20 255
160 13 255
203 96 0
196 96 0
255 80 0
236 20 59
255 0 127
212 43 181
160 67 221
160 59 255
160 52 255
203 128 0
196 128 0
189 128 35
208 127 46
128 63 77
188 99 170
115 51 184
160 99 253
160 91 255
203 160 0
196 160 0
189 160 35
181 160 75
128 115 63
115 115 115
117 140 235
92 139 255
131 160 255
160 242 0
160 235 0
160 228 27
160 221 67
160 213 107
111 239 136
148 204 192
92 197 255
131 198 255
160 255 0
160 255 0
160 255 20
160 255 59
160 253 99
139 245 160
139 245 192
139 245 224
131 224 255
160 255 0
160 255 0
160 255 13
160 255 52
160 255 91
131 255 160
131 255 192
131 255 224
131 255 255
242 0 0
242 0 32
242 0 64
242 0 96
242 0 128
242 0 160
242 0 192
192 0 255
192 0 255
242 32 0
235 0 32
235 0 64
235 0 96
255 0 134
235 0 160
235 0 192
192 0 255
192 0 255
242 64 0
235 64 0
228 27 64
228 27 96
255 0 128
228 27 160
228 27 192
192 20 255
192 13 255
242 96 0
235 96 0
255 64 0
255 0 40
255 0 111
255 0 180
221 67 192
192 59 255
192 52 255
242 128 0
235 128 0
228 128 27
255 112 0
255 52 91
255 13 159
213 107 192
192 99 253
192 91 255
242 160 0
235 160 0
228 160 27
221 160 67
240 159 78
232 118 141
233 118 211
191 107 255
192 131 255
242 192 0
235 192 0
228 192 27
221 192 67
213 192 107
204 192 148
159 159 159
132 169 255
171 192 255
192 255 0
192 255 0
192 255 20
192 255 59
192 253 99
192 255 127
143 255 168
134 255 253
171 226 255
192 255 0
192 255 0
192 255 13
192 255 52
192 255 91
192 255 131
171 255 192
171 255 224
171 255 255
255 0 0
255 0 32
255 0 64
255 0 96
255 0 128
255 0 160
255 0 192
255 0 224
224 0 255
255 32 0
255 0 32
255 0 64
255 0 96
255 0 128
255 0 170
255 0 192
255 0 224
224 0 255
255 64 0
255 64 0
255 20 64
255 20 96
255 0 121
255 0 166
255 20 192
255 20 224
224 13 255
255 96 0
255 96 0
255 96 20
255 59 96
255 56 127
255 14 160
255 14 207
255 59 224
224 52 255
255 128 0
255 128 0
255 128 20
255 128 59
253 99 128
255 82 156
255 53 202
255 53 254
224 91 255
255 160 0
255 160 0
255 160 20
255 160 59
255 149 53
255 92 129
255 91 191
255 92 255
224 131 255
255 192 0
255 192 0
255 210 0
255 207 14
255 200 60
255 191 110
255 150 173
255 132 255
224 171 255
255 224 0
255 224 0
254 255 0
254 255 14
254 255 53
255 245 107
252 234 163
207 207 207
212 227 255
224 255 0
224 255 0
224 255 13
224 255 52
224 255 91
224 255 131
224 255 171
212 255 224
212 255 255
255 0 0
255 0 32
255 0 64
255 0 96
255 0 128
255 0 160
255 0 192
255 0 224
255 0 255
255 32 0
255 0 32
255 0 64
255 0 96
255 0 128
255 0 160
255 0 192
255 0 224
255 0 255
255 64 0
255 64 0
255 13 64
255 13 96
255 13 128
255 13 159
255 13 192
255 13 224
255 13 255
255 96 0
255 96 0
255 96 13
255 52 96
255 52 128
255 52 160
255 52 192
255 52 224
255 52 255
255 128 0
255 128 0
255 128 13
255 128 52
255 91 128
255 91 160
255 91 192
255 91 224
255 91 255
255 160 0
255 160 0
255 160 13
255 160 52
255 160 91
255 131 160
255 131 192
255 131 224
255 131 255
255 192 0
255 192 0
255 192 13
255 192 52
255 192 91
255 192 131
255 171 192
255 171 224
255 171 255
255 224 0
255 224 0
255 224 13
255 223 52
255 224 91
255 224 131
255 224 171
255 212 224
255 212 255
255 255 0
255 255 0
255 255 13
255 255 52
255 255 91
255 255 131
255 255 171
255 255 212
255 255 255
