0 0 0
0 0 42
0 0 85
0 0 126
0 0 167
0 0 207
0 0 246
0 0 255
0 0 255
0 42 0
0 42 32
0 32 85
0 32 126
0 32 167
0 32 207
0 32 246
0 32 255
0 32 255
0 85 0
0 85 32
0 85 64
0 64 126
0 64 167
0 64 207
0 64 246
0 64 255
0 64 255
0 126 0
0 126 32
0 126 64
0 126 96
0 96 167
0 96 207
0 96 246
0 96 255
0 96 255
0 167 0
0 167 32
0 167 64
0 167 96
0 167 128
0 128 207
0 128 246
0 128 255
0 128 255
0 207 0
0 207 32
0 207 64
0 207 96
0 207 128
0 207 160
0 160 246
0 160 255
0 160 255
0 246 0
0 246 32
0 246 64
0 246 96
0 246 128
0 246 160
0 246 192
0 192 255
0 192 255
0 255 0
0 255 32
0 255 64
0 255 96
0 255 128
0 255 160
0 255 192
0 255 224
0 224 255
0 255 0
0 255 32
0 255 64
0 255 96
0 255 128
0 255 160
0 255 192
0 255 224
0 255 255
42 0 0
42 0 32
32 0 85
32 0 126
32 0 167
32 0 207
32 0 246
32 0 255
32 0 255
42 32 0
32 32 32
21 32 74
11 32 117
1 32 158
0 32 199
0 32 239
0 32 255
0 32 255
32 85 0
21 74 32
21 74 64
11 64 117
1 64 158
0 64 199
0 64 239
0 64 255
0 64 255
32 126 0
11 117 32
11 117 64
11 117 96
1 96 158
0 96 199
0 96 239
0 96 255
0 96 255
32 167 0
1 158 32
1 158 64
1 158 96
1 158 128
0 128 199
0 128 239
0 128 255
0 128 255
32 207 0
0 199 32
0 199 64
0 199 96
0 199 128
0 199 160
0 160 239
0 160 255
0 160 255
32 246 0
0 239 32
0 239 64
0 239 96
0 239 128
0 239 160
0 239 192
0 192 255
0 192 255
32 255 0
0 255 32
0 255 64
0 255 96
0 255 128
0 255 160
0 255 192
0 255 224
0 224 255
32 255 0
0 255 32
0 255 64
0 255 96
0 255 128
0 255 160
0 255 192
0 255 224
0 255 255
85 0 0
85 0 32
85 0 64
64 0 126
64 0 167
64 0 207
64 0 246
64 0 255
64 0 255
85 32 0
74 21 32
74 21 64
64 11 117
64 1 158
64 0 199
64 0 239
64 0 255
64 0 255
85 64 0
30 26 7
26 26 26
53 64 106
0 24 211
0 4 255
0 43 255
16 64 255
9 64 255
64 126 0
64 117 11
53 106 64
53 106 96
12 96 179
0 79 255
24 96 231
16 96 255
9 96 255
64 167 0
64 158 1
0 222 17
4 187 96
43 149 128
33 128 190
0 138 255
0 121 255
9 127 255
64 207 0
64 199 0
33 190 64
0 255 75
33 190 128
33 190 160
0 191 255
16 160 255
9 160 255
64 246 0
64 239 0
24 231 64
24 231 96
24 231 128
24 231 160
24 231 192
16 192 255
9 192 255
64 255 0
64 255 0
16 255 64
16 255 96
16 255 128
16 255 160
16 255 192
16 255 224
9 224 255
64 255 0
64 255 0
9 255 64
9 255 96
9 255 128
9 255 160
9 255 192
9 255 224
9 255 255
126 0 0
126 0 32
126 0 64
126 0 96
96 0 167
96 0 207
96 0 246
96 0 255
96 0 255
126 32 0
117 11 32
117 11 64
117 11 96
96 1 158
96 0 199
96 0 239
96 0 255
96 0 255
126 64 0
117 64 11
54 19 26
106 53 96
96 43 149
79 0 255
85 0 255
80 0 255
96 9 255
126 96 0
117 96 11
54 47 19
47 47 47
85 96 138
12 56 243
65 96 222
25 75 255
48 96 255
96 167 0
96 158 1
96 149 43
46 176 72
85 138 128
44 128 211
0 121 255
10 112 255
48 128 255
96 207 0
96 199 0
96 190 33
1 254 49
36 219 128
75 181 160
0 183 255
10 167 255
48 160 255
96 246 0
96 239 0
96 231 24
65 222 96
65 222 128
65 222 160
65 222 192
56 192 255
48 192 255
96 255 0
96 255 0
96 255 16
56 255 96
56 255 128
56 255 160
56 255 192
56 255 224
48 224 255
96 255 0
96 255 0
96 255 9
48 255 96
48 255 128
48 255 160
48 255 192
48 255 224
48 255 255
167 0 0
167 0 32
167 0 64
167 0 96
167 0 128
128 0 207
128 0 246
128 0 255
128 0 255
167 32 0
158 1 32
158 1 64
158 1 96
158 1 128
128 0 199
128 0 239
128 0 255
128 0 255
167 64 0
158 64 1
149 43 64
149 43 96
149 43 128
128 33 190
128 24 231
128 16 255
128 9 255
167 96 0
158 96 1
149 96 43
138 85 96
138 85 128
128 75 181
128 65 222
128 56 255
128 48 255
167 128 0
158 128 1
149 128 43
87 77 37
77 77 77
84 108 203
10 65 255
97 128 254
88 128 255
128 207 0
128 199 0
128 190 33
128 217 38
78 208 104
64 127 115
10 167 255
49 160 255
88 160 255
128 246 0
128 239 0
128 231 24
128 222 65
33 255 81
107 213 160
107 213 192
49 204 255
88 192 255
128 255 0
128 255 0
128 255 16
128 255 56
97 254 128
97 254 160
97 254 192
97 254 224
88 224 255
128 255 0
128 255 0
128 255 9
128 255 48
88 255 128
88 255 160
88 255 192
88 255 224
88 255 255
207 0 0
207 0 32
207 0 64
207 0 96
207 0 128
207 0 160
160 0 246
160 0 255
160 0 255
207 32 0
199 0 32
199 0 64
199 0 96
199 0 128
199 0 160
160 0 239
160 0 255
160 0 255
207 64 0
246 48 0
255 0 8
190 33 96
255 0 148
190 33 160
160 24 231
160 16 255
160 9 255
207 96 0
199 96 0
255 80 0
239 16 59
255 0 127
214 41 181
160 65 222
160 56 255
160 48 255
207 128 0
199 128 0
190 128 33
210 127 44
127 64 77
187 99 170
115 50 185
160 97 254
160 88 255
207 160 0
199 160 0
190 160 33
181 160 75
127 115 64
115 115 115
116 140 235
90 139 255
129 160 255
160 246 0
160 239 0
160 231 24
160 222 65
160 213 107
110 240 136
149 202 192
90 197 255
129 198 255
160 255 0
160 255 0
160 255 16
160 255 56
160 254 97
139 245 160
139 245 192
139 245 224
129 224 255
160 255 0
160 255 0
160 255 9
160 255 48
160 255 88
129 255 160
129 255 192
129 255 224
129 255 255
246 0 0
246 0 32
246 0 64
246 0 96
246 0 128
246 0 160
246 0 192
192 0 255
192 0 255
246 32 0
239 0 32
239 0 64
239 0 96
255 0 134
239 0 160
239 0 192
192 0 255
192 0 255
246 64 0
239 64 0
231 24 64
231 24 96
255 0 128
231 24 160
231 24 192
192 16 255
192 9 255
246 96 0
239 96 0
255 64 0
255 0 40
255 0 111
255 0 180
222 65 192
192 56 255
192 48 255
246 128 0
239 128 0
231 128 24
255 112 0
255 48 91
255 9 159
213 107 192
192 97 254
192 88 255
246 160 0
239 160 0
231 160 24
222 160 65
242 159 76
232 118 141
234 118 211
191 105 255
192 129 255
246 192 0
239 192 0
231 192 24
222 192 65
213 192 107
202 192 149
159 159 159
130 169 255
171 192 255
192 255 0
192 255 0
192 255 16
192 255 56
192 254 97
192 255 126
142 255 168
132 255 253
171 226 255
192 255 0
192 255 0
192 255 9
192 255 48
192 255 88
192 255 129
171 255 192
171 255 224
171 255 255
255 0 0
255 0 32
255 0 64
255 0 96
255 0 128
255 0 160
255 0 192
255 0 224
224 0 255
255 32 0
255 0 32
255 0 64
255 0 96
255 0 128
255 0 170
255 0 192
255 0 224
224 0 255
255 64 0
255 64 0
255 16 64
255 16 96
255 0 121
255 0 166
255 16 192
255 16 224
224 9 255
255 96 0
255 96 0
255 96 16
255 56 96
255 53 127
255 10 160
255 10 207
255 56 224
224 48 255
255 128 0
255 128 0
255 128 16
255 128 56
254 97 128
255 80 156
255 49 202
255 49 254
224 88 255
255 160 0
255 160 0
255 160 16
255 160 56
255 149 49
255 90 129
255 88 191
255 90 255
224 129 255
255 192 0
255 192 0
255 210 0
255 207 10
255 200 57
255 191 108
255 150 173
255 130 255
224 171 255
255 224 0
255 224 0
254 255 0
254 255 10
254 255 49
255 245 105
251 234 163
207 207 207
213 227 255
224 255 0
224 255 0
224 255 9
224 255 48
224 255 88
224 255 129
224 255 171
213 255 224
213 255 255
255 0 0
255 0 32
255 0 64
255 0 96
255 0 128
255 0 160
255 0 192
255 0 224
255 0 255
255 32 0
255 0 32
255 0 64
255 0 96
255 0 128
255 0 160
255 0 192
255 0 224
255 0 255
255 64 0
255 64 0
255 9 64
255 9 96
255 9 128
255 9 159
255 9 192
255 9 224
255 9 255
255 96 0
255 96 0
255 96 9
255 48 96
255 48 128
255 48 160
255 48 192
255 48 224
255 48 255
255 128 0
255 128 0
255 128 9
255 128 48
255 88 128
255 88 160
255 88 192
255 88 224
255 88 255
255 160 0
255 160 0
255 160 9
255 160 48
255 160 88
255 129 160
255 129 192
255 129 224
255 129 255
255 192 0
255 192 0
255 192 9
255 192 48
255 192 88
255 192 129
255 171 192
255 171 224
255 171 255
255 224 0
255 224 0
255 224 9
255 223 48
255 224 88
255 224 129
255 224 171
255 213 224
255 213 255
255 255 0
255 255 0
255 255 9
255 255 48
255 255 88
255 255 129
255 255 171
255 255 213
255 255 255
