0 0 0
0 0 59
0 0 100
0 0 139
0 0 176
0 0 212
0 0 248
0 0 255
0 0 255
0 59 0
0 59 32
0 32 100
0 32 139
0 32 176
0 32 212
0 32 248
0 32 255
0 32 255
0 100 0
0 100 32
0 100 64
0 64 139
0 64 176
0 64 212
0 64 248
0 64 255
0 64 255
0 139 0
0 139 32
0 139 64
0 139 96
0 96 176
0 96 212
0 96 248
0 96 255
0 96 255
0 176 0
0 176 32
0 176 64
0 176 96
0 176 128
0 128 212
0 128 248
0 128 255
0 128 255
0 212 0
0 212 32
0 212 64
0 212 96
0 212 128
0 212 160
0 160 248
0 160 255
0 160 255
0 248 0
0 248 32
0 248 64
0 248 96
0 248 128
0 248 160
0 248 192
0 192 255
0 192 255
0 255 0
0 255 32
0 255 64
0 255 96
0 255 128
0 255 160
0 255 192
0 255 224
0 224 255
0 255 0
0 255 32
0 255 64
0 255 96
0 255 128
0 255 160
0 255 192
0 255 224
0 255 255
59 0 0
59 0 32
32 0 100
32 0 139
32 0 176
32 0 212
32 0 248
32 0 255
32 0 255
59 32 0
32 32 32
4 32 91
0 32 132
0 32 171
0 32 208
0 32 244
0 32 255
0 32 255
32 100 0
4 91 32
4 91 64
0 64 132
0 64 171
0 64 208
0 64 244
0 64 255
0 64 255
32 139 0
0 132 32
0 132 64
0 132 96
0 96 171
0 96 208
0 96 244
0 96 255
0 96 255
32 176 0
0 171 32
0 171 64
0 171 96
0 171 128
0 128 208
0 128 244
0 128 255
0 128 255
32 212 0
0 208 32
0 208 64
0 208 96
0 208 128
0 208 160
0 160 244
0 160 255
0 160 255
32 248 0
0 244 32
0 244 64
0 244 96
0 244 128
0 244 160
0 244 192
0 192 255
0 192 255
32 255 0
0 255 32
0 255 64
0 255 96
0 255 128
0 255 160
0 255 192
0 255 224
0 224 255
32 255 0
0 255 32
0 255 64
0 255 96
0 255 128
0 255 160
0 255 192
0 255 224
0 255 255
100 0 0
100 0 32
100 0 64
64 0 139
64 0 176
64 0 212
64 0 248
64 0 255
64 0 255
100 32 0
91 4 32
91 4 64
64 0 132
64 0 171
64 0 208
64 0 244
64 0 255
64 0 255
100 64 0
45 26 0
26 26 26
36 64 123
0 24 218
0 4 255
0 43 255
11 64 255
7 64 255
64 139 0
64 132 0
36 123 64
36 123 96
1 96 191
0 79 255
15 96 240
11 96 255
7 96 255
64 176 0
64 171 0
0 227 17
0 197 96
27 164 128
21 128 203
0 138 255
0 121 255
7 127 255
64 212 0
64 208 0
21 203 64
0 255 75
21 203 128
21 203 160
0 191 255
11 160 255
7 160 255
64 248 0
64 244 0
15 240 64
15 240 96
15 240 128
15 240 160
15 240 192
11 192 255
7 192 255
64 255 0
64 255 0
11 255 64
11 255 96
11 255 128
11 255 160
11 255 192
11 255 224
7 224 255
64 255 0
64 255 0
7 255 64
7 255 96
7 255 128
7 255 160
7 255 192
7 255 224
7 255 255
139 0 0
139 0 32
139 0 64
139 0 96
96 0 176
96 0 212
96 0 248
96 0 255
96 0 255
139 32 0
132 0 32
132 0 64
132 0 96
96 0 171
96 0 208
96 0 244
96 0 255
96 0 255
139 64 0
132 64 0
70 2 26
123 36 96
96 27 164
79 0 255
85 0 255
80 0 255
96 7 255
139 96 0
132 96 0
70 47 2
47 47 47
68 96 155
5 56 250
53 96 235
21 75 255
43 96 255
96 176 0
96 171 0
96 164 27
32 190 72
68 155 128
33 128 223
0 121 255
8 112 255
43 128 255
96 212 0
96 208 0
96 203 21
0 255 49
26 229 128
59 196 160
0 183 255
8 167 255
43 160 255
96 248 0
96 244 0
96 240 15
53 235 96
53 235 128
53 235 160
53 235 192
47 192 255
43 192 255
96 255 0
96 255 0
96 255 11
47 255 96
47 255 128
47 255 160
47 255 192
47 255 224
43 224 255
96 255 0
96 255 0
96 255 7
43 255 96
43 255 128
43 255 160
43 255 192
43 255 224
43 255 255
176 0 0
176 0 32
176 0 64
176 0 96
176 0 128
128 0 212
128 0 248
128 0 255
128 0 255
176 32 0
171 0 32
171 0 64
171 0 96
171 0 128
128 0 208
128 0 244
128 0 255
128 0 255
176 64 0
171 64 0
164 27 64
164 27 96
164 27 128
128 21 203
128 15 240
128 11 255
128 7 255
176 96 0
171 96 0
164 96 27
155 68 96
155 68 128
128 59 196
128 53 235
128 47 255
128 43 255
176 128 0
171 128 0
164 128 27
104 77 20
77 77 77
69 108 218
8 65 255
85 128 255
80 128 255
128 212 0
128 208 0
128 203 21
128 228 27
64 222 104
47 144 115
8 167 255
44 160 255
80 160 255
128 248 0
128 244 0
128 240 15
128 235 53
28 255 81
91 228 160
91 228 192
44 204 255
80 192 255
128 255 0
128 255 0
128 255 11
128 255 47
85 255 128
85 255 160
85 255 192
85 255 224
80 224 255
128 255 0
128 255 0
128 255 7
128 255 43
80 255 128
80 255 160
80 255 192
80 255 224
80 255 255
212 0 0
212 0 32
212 0 64
212 0 96
212 0 128
212 0 160
160 0 248
160 0 255
160 0 255
212 32 0
208 0 32
208 0 64
208 0 96
208 0 128
208 0 160
160 0 244
160 0 255
160 0 255
212 64 0
248 48 0
255 0 8
203 21 96
255 0 148
203 21 160
160 15 240
160 11 255
160 7 255
212 96 0
208 96 0
255 80 0
246 9 59
255 0 127
225 30 181
160 53 235
160 47 255
160 43 255
212 128 0
208 128 0
203 128 21
222 127 33
144 47 77
204 83 170
115 36 199
160 85 255
160 80 255
212 160 0
208 160 0
203 160 21
196 160 59
144 115 47
115 115 115
101 140 250
81 139 255
117 160 255
160 248 0
160 244 0
160 240 15
160 235 53
160 228 91
96 254 136
132 219 192
81 197 255
117 198 255
160 255 0
160 255 0
160 255 11
160 255 47
160 255 85
123 255 160
123 255 192
123 255 224
117 224 255
160 255 0
160 255 0
160 255 7
160 255 43
160 255 80
117 255 160
117 255 192
117 255 224
117 255 255
248 0 0
248 0 32
248 0 64
248 0 96
248 0 128
248 0 160
248 0 192
192 0 255
192 0 255
248 32 0
244 0 32
244 0 64
244 0 96
255 0 134
244 0 160
244 0 192
192 0 255
192 0 255
248 64 0
244 64 0
240 15 64
240 15 96
255 0 128
240 15 160
240 15 192
192 11 255
192 7 255
248 96 0
244 96 0
255 64 0
255 0 40
255 0 111
255 0 180
235 53 192
192 47 255
192 43 255
248 128 0
244 128 0
240 128 15
255 112 0
255 41 91
255 7 159
228 91 192
192 85 255
192 80 255
248 160 0
244 160 0
240 160 15
235 160 53
254 159 65
247 103 141
249 103 211
191 94 255
192 117 255
248 192 0
244 192 0
240 192 15
235 192 53
228 192 91
219 192 132
159 159 159
118 169 255
155 192 255
192 255 0
192 255 0
192 255 11
192 255 47
192 255 85
192 255 112
128 255 168
120 255 253
155 226 255
192 255 0
192 255 0
192 255 7
192 255 43
192 255 80
192 255 117
155 255 192
155 255 224
155 255 255
255 0 0
255 0 32
255 0 64
255 0 96
255 0 128
255 0 160
255 0 192
255 0 224
224 0 255
255 32 0
255 0 32
255 0 64
255 0 96
255 0 128
255 0 170
255 0 192
255 0 224
224 0 255
255 64 0
255 64 0
255 11 64
255 11 96
255 0 121
255 0 166
255 11 192
255 11 224
224 7 255
255 96 0
255 96 0
255 96 11
255 47 96
255 45 127
255 8 160
255 8 207
255 47 224
224 43 255
255 128 0
255 128 0
255 128 11
255 128 47
255 85 128
255 70 156
255 44 202
255 44 254
224 80 255
255 160 0
255 160 0
255 160 11
255 160 47
255 149 44
255 81 129
255 80 191
255 81 255
224 117 255
255 192 0
255 192 0
255 210 0
255 207 8
255 200 50
255 191 97
255 135 173
255 118 255
224 155 255
255 224 0
255 224 0
254 255 0
254 255 8
254 255 44
255 245 94
255 234 147
207 207 207
196 227 255
224 255 0
224 255 0
224 255 7
224 255 43
224 255 80
224 255 117
224 255 155
196 255 224
196 255 255
255 0 0
255 0 32
255 0 64
255 0 96
255 0 128
255 0 160
255 0 192
255 0 224
255 0 255
255 32 0
255 0 32
255 0 64
255 0 96
255 0 128
255 0 160
255 0 192
255 0 224
255 0 255
255 64 0
255 64 0
255 7 64
255 7 96
255 7 128
255 7 159
255 7 192
255 7 224
255 7 255
255 96 0
255 96 0
255 96 7
255 43 96
255 43 128
255 43 160
255 43 192
255 43 224
255 43 255
255 128 0
255 128 0
255 128 7
255 128 43
255 80 128
255 80 160
255 80 192
255 80 224
255 80 255
255 160 0
255 160 0
255 160 7
255 160 43
255 160 80
255 117 160
255 117 192
255 117 224
255 117 255
255 192 0
255 192 0
255 192 7
255 192 43
255 192 80
255 192 117
255 155 192
255 155 224
255 155 255
255 224 0
255 224 0
255 224 7
255 223 43
255 224 80
255 224 117
255 224 155
255 196 224
255 196 255
255 255 0
255 255 0
255 255 7
255 255 43
255 255 80
255 255 117
255 255 155
255 255 196
255 255 255
