0 0 0
0 0 40
0 0 80
0 0 120
0 0 160
0 0 200
0 0 240
0 0 255
0 0 255
0 40 0
0 40 32
0 32 80
0 32 120
0 32 160
0 32 200
0 32 240
0 32 255
0 32 255
0 80 0
0 80 32
0 80 64
0 64 120
0 64 160
0 64 200
0 64 240
0 64 255
0 64 255
0 120 0
0 120 32
0 120 64
0 120 96
0 96 160
0 96 200
0 96 240
0 96 255
0 96 255
0 160 0
0 160 32
0 160 64
0 160 96
0 160 128
0 128 200
0 128 240
0 128 255
0 128 255
0 200 0
0 200 32
0 200 64
0 200 96
0 200 128
0 200 160
0 160 240
0 160 255
0 160 255
0 240 0
0 240 32
0 240 64
0 240 96
0 240 128
0 240 160
0 240 192
0 192 255
0 192 255
0 255 0
0 255 32
0 255 64
0 255 96
0 255 128
0 255 160
0 255 192
0 255 224
0 224 255
0 255 0
0 255 32
0 255 64
0 255 96
0 255 128
0 255 160
0 255 192
0 255 224
0 255 255
40 0 0
40 0 32
32 0 80
32 0 120
32 0 160
32 0 200
32 0 240
32 0 255
32 0 255
40 32 0
32 32 32
24 32 72
16 32 112
8 32 152
0 32 192
0 32 232
0 32 255
0 32 255
32 80 0
24 72 32
24 72 64
16 64 112
8 64 152
0 64 192
0 64 232
0 64 255
0 64 255
32 120 0
16 112 32
16 112 64
16 112 96
8 96 152
0 96 192
0 96 232
0 96 255
0 96 255
32 160 0
8 152 32
8 152 64
8 152 96
8 152 128
0 128 192
0 128 232
0 128 255
0 128 255
32 200 0
0 192 32
0 192 64
0 192 96
0 192 128
0 192 160
0 160 232
0 160 255
0 160 255
32 240 0
0 232 32
0 232 64
0 232 96
0 232 128
0 232 160
0 232 192
0 192 255
0 192 255
32 255 0
0 255 32
0 255 64
0 255 96
0 255 128
0 255 160
0 255 192
0 255 224
0 224 255
32 255 0
0 255 32
0 255 64
0 255 96
0 255 128
0 255 160
0 255 192
0 255 224
0 255 255
80 0 0
80 0 32
80 0 64
64 0 120
64 0 160
64 0 200
64 0 240
64 0 255
64 0 255
80 32 0
72 24 32
72 24 64
64 16 112
64 8 152
64 0 192
64 0 232
64 0 255
64 0 255
80 64 0
29 26 8
26 26 26
56 64 104
0 24 204
0 4 255
0 43 255
24 64 255
16 64 255
64 120 0
64 112 16
56 104 64
56 104 96
19 96 172
0 79 255
32 96 224
24 96 255
16 96 255
64 160 0
64 152 8
0 214 17
12 180 96
48 144 128
40 128 184
0 138 255
0 121 255
16 127 255
64 200 0
64 192 0
40 184 64
0 255 75
40 184 128
40 184 160
0 191 255
24 160 255
16 160 255
64 240 0
64 232 0
32 224 64
32 224 96
32 224 128
32 224 160
32 224 192
24 192 255
16 192 255
64 255 0
64 255 0
24 255 64
24 255 96
24 255 128
24 255 160
24 255 192
24 255 224
16 224 255
64 255 0
64 255 0
16 255 64
16 255 96
16 255 128
16 255 160
16 255 192
16 255 224
16 255 255
120 0 0
120 0 32
120 0 64
120 0 96
96 0 160
96 0 200
96 0 240
96 0 255
96 0 255
120 32 0
112 16 32
112 16 64
112 16 96
96 8 152
96 0 192
96 0 232
96 0 255
96 0 255
120 64 0
112 64 16
52 20 26
104 56 96
96 48 144
79 0 255
85 0 255
80 0 255
96 16 255
120 96 0
112 96 16
52 47 20
47 47 47
88 96 136
20 56 236
72 96 216
32 75 255
56 96 255
96 160 0
96 152 8
96 144 48
52 170 72
88 136 128
51 128 204
0 121 255
17 112 255
56 128 255
96 200 0
96 192 0
96 184 40
9 246 49
44 212 128
80 176 160
0 183 255
17 167 255
56 160 255
96 240 0
96 232 0
96 224 32
72 216 96
72 216 128
72 216 160
72 216 192
64 192 255
56 192 255
96 255 0
96 255 0
96 255 24
64 255 96
64 255 128
64 255 160
64 255 192
64 255 224
56 224 255
96 255 0
96 255 0
96 255 16
56 255 96
56 255 128
56 255 160
56 255 192
56 255 224
56 255 255
160 0 0
160 0 32
160 0 64
160 0 96
160 0 128
128 0 200
128 0 240
128 0 255
128 0 255
160 32 0
152 8 32
152 8 64
152 8 96
152 8 128
128 0 192
128 0 232
128 0 255
128 0 255
160 64 0
152 64 8
144 48 64
144 48 96
144 48 128
128 40 184
128 32 224
128 24 255
128 16 255
160 96 0
152 96 8
144 96 48
136 88 96
136 88 128
128 80 176
128 72 216
128 64 255
128 56 255
160 128 0
152 128 8
144 128 48
84 77 39
77 77 77
90 108 198
17 65 255
104 128 248
96 128 255
128 200 0
128 192 0
128 184 40
128 210 45
84 202 104
67 124 115
17 167 255
57 160 255
96 160 255
128 240 0
128 232 0
128 224 32
128 216 72
41 255 81
112 208 160
112 208 192
57 204 255
96 192 255
128 255 0
128 255 0
128 255 24
128 255 64
104 248 128
104 248 160
104 248 192
104 248 224
96 224 255
128 255 0
128 255 0
128 255 16
128 255 56
96 255 128
96 255 160
96 255 192
96 255 224
96 255 255
200 0 0
200 0 32
200 0 64
200 0 96
200 0 128
200 0 160
160 0 240
160 0 255
160 0 255
200 32 0
192 0 32
192 0 64
192 0 96
192 0 128
192 0 160
160 0 232
160 0 255
160 0 255
200 64 0
240 48 0
255 0 8
184 40 96
255 0 148
184 40 160
160 32 224
160 24 255
160 16 255
200 96 0
192 96 0
253 80 0
231 24 59
255 0 127
207 48 181
160 72 216
160 64 255
160 56 255
200 128 0
192 128 0
184 128 40
203 127 52
124 67 77
183 103 170
115 56 179
160 104 248
160 96 255
200 160 0
192 160 0
184 160 40
176 160 80
124 115 67
115 115 115
122 140 230
97 139 255
136 160 255
160 240 0
160 232 0
160 224 32
160 216 72
160 208 112
116 234 136
152 200 192
97 197 255
136 198 255
160 255 0
160 255 0
160 255 24
160 255 64
160 248 104
144 240 160
144 240 192
144 240 224
136 224 255
160 255 0
160 255 0
160 255 16
160 255 56
160 255 96
136 255 160
136 255 192
136 255 224
136 255 255
240 0 0
240 0 32
240 0 64
240 0 96
240 0 128
240 0 160
240 0 192
192 0 255
192 0 255
240 32 0
232 0 32
232 0 64
232 0 96
255 0 134
232 0 160
232 0 192
192 0 255
192 0 255
240 64 0
232 64 0
224 32 64
224 32 96
255 0 128
224 32 160
224 32 192
192 24 255
192 16 255
240 96 0
232 96 0
255 64 0
255 0 40
255 0 111
255 0 180
216 72 192
192 64 255
192 56 255
240 128 0
232 128 0
224 128 32
255 112 1
255 56 91
255 16 159
208 112 192
192 104 248
192 96 255
240 160 0
232 160 0
224 160 32
216 160 72
235 159 84
227 124 141
228 123 211
191 112 255
192 136 255
240 192 0
232 192 0
224 192 32
216 192 72
208 192 112
200 192 152
159 159 159
137 169 255
176 192 255
192 255 0
192 255 0
192 255 24
192 255 64
192 248 104
192 252 132
148 255 168
139 255 253
176 226 255
192 255 0
192 255 0
192 255 16
192 255 56
192 255 96
192 255 136
176 255 192
176 255 224
176 255 255
255 0 0
255 0 32
255 0 64
255 0 96
255 0 128
255 0 160
255 0 192
255 0 224
224 0 255
255 32 0
255 0 32
255 0 64
255 0 96
255 0 128
255 0 170
255 0 192
255 0 224
224 0 255
255 64 0
255 64 0
255 24 64
255 24 96
255 0 121
255 0 166
255 24 192
255 24 224
224 16 255
255 96 0
255 96 0
255 96 24
255 64 96
255 61 127
255 17 160
255 17 207
255 64 224
224 56 255
255 128 0
255 128 0
255 128 24
255 128 64
248 104 128
255 87 156
255 57 202
255 57 254
224 96 255
255 160 0
255 160 0
255 160 24
255 160 64
255 149 57
255 97 129
255 96 191
255 97 255
224 136 255
255 192 0
255 192 0
255 210 0
255 207 17
255 200 65
255 191 116
255 156 173
255 137 255
224 176 255
255 224 0
255 224 0
254 255 0
254 255 17
254 255 57
255 245 112
247 234 167
207 207 207
216 227 255
224 255 0
224 255 0
224 255 16
224 255 56
224 255 96
224 255 136
224 255 176
216 255 224
216 255 255
255 0 0
255 0 32
255 0 64
255 0 96
255 0 128
255 0 160
255 0 192
255 0 224
255 0 255
255 32 0
255 0 32
255 0 64
255 0 96
255 0 128
255 0 160
255 0 192
255 0 224
255 0 255
255 64 0
255 64 0
255 16 64
255 16 96
255 16 128
255 16 159
255 16 192
255 16 224
255 16 255
255 96 0
255 96 0
255 96 16
255 56 96
255 56 128
255 56 160
255 56 192
255 56 224
255 56 255
255 128 0
255 128 0
255 128 16
255 128 56
255 96 128
255 96 160
255 96 192
255 96 224
255 96 255
255 160 0
255 160 0
255 160 16
255 160 56
255 160 96
255 136 160
255 136 192
255 136 224
255 136 255
255 192 0
255 192 0
255 192 16
255 192 56
255 192 96
255 192 136
255 176 192
255 176 224
255 176 255
255 224 0
255 224 0
255 224 16
255 223 56
255 224 96
255 224 136
255 224 176
255 216 224
255 216 255
255 255 0
255 255 0
255 255 16
255 255 56
255 255 96
255 255 136
255 255 176
255 255 216
255 255 255
