0 0 0
0 0 35
0 0 70
0 0 106
0 0 143
0 0 180
0 0 219
0 0 255
0 0 255
0 35 0
0 35 32
0 32 70
0 32 106
0 32 143
0 32 180
0 32 219
0 32 255
0 32 255
0 70 0
0 70 32
0 70 64
0 64 106
0 64 143
0 64 180
0 64 219
0 64 255
0 64 255
0 106 0
0 106 32
0 106 64
0 106 96
0 96 143
0 96 180
0 96 219
0 96 255
0 96 255
0 143 0
0 143 32
0 143 64
0 143 96
0 143 128
0 128 180
0 128 219
0 128 255
0 128 255
0 180 0
0 180 32
0 180 64
0 180 96
0 180 128
0 180 160
0 160 219
0 160 255
0 160 255
0 219 0
0 219 32
0 219 64
0 219 96
0 219 128
0 219 160
0 219 192
0 192 255
0 192 255
0 255 0
0 255 32
0 255 64
0 255 96
0 255 128
0 255 160
0 255 192
0 255 224
0 224 255
0 255 0
0 255 32
0 255 64
0 255 96
0 255 128
0 255 160
0 255 192
0 255 224
0 255 255
35 0 0
35 0 32
32 0 70
32 0 106
32 0 143
32 0 180
32 0 219
32 0 255
32 0 255
35 32 0
32 32 32
28 32 67
25 32 102
21 32 138
16 32 175
11 32 212
4 32 251
0 32 255
32 70 0
28 67 32
28 67 64
25 64 102
21 64 138
16 64 175
11 64 212
4 64 251
0 64 255
32 106 0
25 102 32
25 102 64
25 102 96
21 96 138
16 96 175
11 96 212
4 96 251
0 96 255
32 143 0
21 138 32
21 138 64
21 138 96
21 138 128
16 128 175
11 128 212
4 128 251
0 128 255
32 180 0
16 175 32
16 175 64
16 175 96
16 175 128
16 175 160
11 160 212
4 160 251
0 160 255
32 219 0
11 212 32
11 212 64
11 212 96
11 212 128
11 212 160
11 212 192
4 192 251
0 192 255
32 255 0
4 251 32
4 251 64
4 251 96
4 251 128
4 251 160
4 251 192
4 251 224
0 224 255
32 255 0
0 255 32
0 255 64
0 255 96
0 255 128
0 255 160
0 255 192
0 255 224
0 255 255
70 0 0
70 0 32
70 0 64
64 0 106
64 0 143
64 0 180
64 0 219
64 0 255
64 0 255
70 32 0
67 28 32
67 28 64
64 25 102
64 21 138
64 16 175
64 11 212
64 4 251
64 0 255
70 64 0
27 26 10
26 26 26
60 64 99
6 24 186
0 4 253
20 43 235
43 64 244
37 64 255
64 106 0
64 102 25
60 99 64
60 99 96
33 96 158
0 79 237
48 96 207
43 96 244
37 96 255
64 143 0
64 138 21
0 195 17
27 165 96
57 134 128
53 128 170
0 138 255
0 121 255
37 127 255
64 180 0
64 175 16
53 170 64
0 252 75
53 170 128
53 170 160
0 191 255
43 160 244
37 160 255
64 219 0
64 212 11
48 207 64
48 207 96
48 207 128
48 207 160
48 207 192
43 192 244
37 192 255
64 255 0
64 251 4
43 244 64
43 244 96
43 244 128
43 244 160
43 244 192
43 244 224
37 224 255
64 255 0
64 255 0
37 255 64
37 255 96
37 255 128
37 255 160
37 255 192
37 255 224
37 255 255
106 0 0
106 0 32
106 0 64
106 0 96
96 0 143
96 0 180
96 0 219
96 0 255
96 0 255
106 32 0
102 25 32
102 25 64
102 25 96
96 21 138
96 16 175
96 11 212
96 4 251
96 0 255
106 64 0
102 64 25
49 24 26
99 60 96
96 57 134
79 0 239
85 20 235
80 5 255
96 37 255
106 96 0
102 96 25
49 47 24
47 47 47
92 96 131
38 56 218
85 96 202
52 75 255
75 96 255
96 143 0
96 138 21
96 134 57
63 159 72
92 131 128
65 128 190
0 121 255
38 112 255
75 128 255
96 180 0
96 175 16
96 170 53
28 227 49
59 197 128
89 166 160
0 183 255
38 167 255
75 160 255
96 219 0
96 212 11
96 207 48
85 202 96
85 202 128
85 202 160
85 202 192
80 192 239
75 192 255
96 255 0
96 251 4
96 244 43
80 239 96
80 239 128
80 239 160
80 239 192
80 239 224
75 224 255
96 255 0
96 255 0
96 255 37
75 255 96
75 255 128
75 255 160
75 255 192
75 255 224
75 255 255
143 0 0
143 0 32
143 0 64
143 0 96
143 0 128
128 0 180
128 0 219
128 0 255
128 0 255
143 32 0
138 21 32
138 21 64
138 21 96
138 21 128
128 16 175
128 11 212
128 4 251
128 0 255
143 64 0
138 64 21
134 57 64
134 57 96
134 57 128
128 53 170
128 48 207
128 43 244
128 37 255
143 96 0
138 96 21
134 96 57
131 92 96
131 92 128
128 89 166
128 85 202
128 80 239
128 75 255
143 128 0
138 128 21
134 128 57
80 77 44
77 77 77
100 108 187
38 65 255
117 128 234
112 128 255
128 180 0
128 175 16
128 170 53
128 195 60
95 191 104
73 118 115
38 167 255
76 160 255
112 160 255
128 219 0
128 212 11
128 207 48
128 202 85
60 255 81
121 198 160
121 198 192
76 204 255
112 192 255
128 255 0
128 251 4
128 244 43
128 239 80
117 234 128
117 234 160
117 234 192
117 234 224
112 224 255
128 255 0
128 255 0
128 255 37
128 255 75
112 255 128
112 255 160
112 255 192
112 255 224
112 255 255
180 0 0
180 0 32
180 0 64
180 0 96
180 0 128
180 0 160
160 0 219
160 0 255
160 0 255
180 32 0
175 16 32
175 16 64
175 16 96
175 16 128
175 16 160
160 11 212
160 4 251
160 0 255
180 64 0
219 48 0
246 0 8
170 53 96
255 0 148
170 53 160
160 48 207
160 43 244
160 37 255
180 96 0
175 96 16
232 80 0
214 42 59
237 17 127
193 62 181
160 85 202
160 80 239
160 75 255
180 128 0
175 128 16
170 128 53
189 127 65
118 73 77
175 111 170
115 68 168
160 117 234
160 112 255
180 160 0
175 160 16
170 160 53
166 160 89
118 115 73
115 115 115
132 140 219
114 139 255
149 160 255
160 219 0
160 212 11
160 207 48
160 202 85
160 198 121
127 223 136
156 195 192
114 197 255
149 198 255
160 255 0
160 251 4
160 244 43
160 239 80
160 234 117
153 230 160
153 230 192
153 230 224
149 224 255
160 255 0
160 255 0
160 255 37
160 255 75
160 255 112
149 255 160
149 255 192
149 255 224
149 255 255
219 0 0
219 0 32
219 0 64
219 0 96
219 0 128
219 0 160
219 0 192
192 0 255
192 0 255
219 32 0
212 11 32
212 11 64
212 11 96
255 0 134
212 11 160
212 11 192
192 4 251
192 0 255
219 64 0
212 64 11
207 48 64
207 48 96
255 0 128
207 48 160
207 48 192
192 43 244
192 37 255
219 96 0
212 96 11
255 64 0
255 9 40
255 18 111
255 0 180
202 85 192
192 80 239
192 75 255
219 128 0
212 128 11
207 128 48
255 112 22
246 74 91
255 37 159
198 121 192
192 117 234
192 112 255
219 160 0
212 160 11
207 160 48
202 160 85
221 159 97
217 133 141
218 133 211
191 127 255
192 149 255
219 192 0
212 192 11
207 192 48
202 192 85
198 192 121
195 192 156
159 159 159
150 169 255
185 192 255
192 255 0
192 251 4
192 244 43
192 239 80
192 234 117
192 240 143
159 255 168
151 255 253
185 226 255
192 255 0
192 255 0
192 255 37
192 255 75
192 255 112
192 255 149
185 255 192
185 255 224
185 255 255
255 0 0
255 0 32
255 0 64
255 0 96
255 0 128
255 0 160
255 0 192
255 0 224
224 0 255
255 32 0
251 4 32
251 4 64
251 4 96
255 0 128
255 0 170
251 4 192
251 4 224
224 0 255
255 64 0
251 64 4
244 43 64
244 43 96
255 0 121
255 0 166
244 43 192
244 43 224
224 37 255
255 96 0
251 96 4
244 96 43
239 80 96
240 78 127
255 38 160
255 38 207
239 80 224
224 75 255
255 128 0
251 128 4
244 128 43
239 128 80
234 117 128
249 103 156
255 76 202
255 76 254
224 112 255
255 160 0
251 160 4
244 160 43
239 160 80
255 149 76
255 114 129
255 112 191
255 114 255
224 149 255
255 192 0
251 192 4
255 210 0
255 207 38
255 200 83
253 191 129
249 165 173
255 150 255
224 185 255
255 224 0
251 224 4
254 255 0
254 255 38
254 255 76
255 245 126
239 234 175
207 207 207
221 227 255
224 255 0
224 255 0
224 255 37
224 255 75
224 255 112
224 255 149
224 255 185
221 255 224
221 255 255
255 0 0
255 0 32
255 0 64
255 0 96
255 0 128
255 0 160
255 0 192
255 0 224
255 0 255
255 32 0
255 0 32
255 0 64
255 0 96
255 0 128
255 0 160
255 0 192
255 0 224
255 0 255
255 64 0
255 64 0
255 37 64
255 37 96
255 37 128
255 37 159
255 37 192
255 37 224
255 37 255
255 96 0
255 96 0
255 96 37
255 75 96
255 75 128
255 75 160
255 75 192
255 75 224
255 75 255
255 128 0
255 128 0
255 128 37
255 128 75
255 112 128
255 112 160
255 112 192
255 112 224
255 112 255
255 160 0
255 160 0
255 160 37
255 160 75
255 160 112
255 149 160
255 149 192
255 149 224
255 149 255
255 192 0
255 192 0
255 192 37
255 192 75
255 192 112
255 192 149
255 185 192
255 185 224
255 185 255
255 224 0
255 224 0
255 224 37
255 223 75
255 224 112
255 224 149
255 224 185
255 221 224
255 221 255
255 255 0
255 255 0
255 255 37
255 255 75
255 255 112
255 255 149
255 255 185
255 255 221
255 255 255
